3.332747504528406068e-01
3.333276113911150529e-01
3.333250938022288001e-01
3.333186855752890976e-01
3.333104468085160699e-01
3.333003777884677721e-01
3.332975700192740143e-01
3.332946570404117792e-01
3.332916201852943461e-01
3.332884788653220909e-01
3.332852129506808647e-01
3.332818433169056349e-01
3.332710265063070221e-01
3.332672003347753042e-01
3.332632474198490291e-01
3.332591930283262394e-01
3.332550111793586844e-01
3.332524580541573189e-01
3.332418071325742859e-01
3.332225933698169662e-01
3.331903469527492945e-01
3.331274739500239557e-01
3.330532017652073629e-01
3.329675464986032174e-01
3.327621633554933012e-01
3.322157787812825558e-01
3.310609635470678769e-01
3.244347239679793993e-01
3.139820521821250487e-01
1.953237419567661615e-01
