#C/nF=992 ; R/Ohm=1000 ; R'/Ohm=500
#f         #U_Br/U_S    
1.000      0.0172                  
0.3125     0.2308      
0.375      0.2308
0.5        0.1538
0.625      0.1
0.75       0.0654
0.7813     0.0615
0.8125     0.0538
0.8438     0.0358
0.875      0.0285
0.9063     0.0231
0.9375     0.0162
1.0313     0.192
1.0625     0.0227
1.0938     0.0258
1.125      0.03
1.1563     0.0342
1.175      0.0423
1.25       0.0538
1.375      0.0692
1.5625     0.0962
1.875      0.1038
2.1875     0.15
2.5        0.1731
3.125      0.212
4.375      0.256
6.25       0.28
12.5       0.316
18.75      0.3115
62.5       0.3077
#U_Br(v0)=1.4 mV   / U_Br(2*v0)=293.75 mV