#C/nF=992 ; R/Ohm=1000 ; R'/Ohm=500
#f         #U_Br    #U_S    
1.000      0.043    2.5              
0.3125     0.6      2.6
0.375      0.53     2.6
0.5        0.4      2.6
0.625      0.26     2.6
0.75       0.17     2.6
0.7813     0.16     2.6
0.8125     0.14     2.6
0.8438     0.093    2.6
0.875      0.074    2.6
0.9063     0.06     2.6
0.9375     0.042    2.6
1.0313     0.05     2.6
1.0625     0.059    2.6
1.0938     0.067    2.6
1.125      0.078    2.6
1.1563     0.089    2.6
1.175      0.11     2.6
1.25       0.14     2.6
1.375      0.18     2.6
1.5625     0.25     2.6
1.875      0.27     2.6
2.1875     0.39     2.6
2.5        0.45     2.6
3.125      0.53     2.5
4.375      0.64     2.5
6.25       0.7      2.5
12.5       0.79     2.5
18.75      0.81     2.6
62.5       0.8      2.6
#U_Br(v0)=1.4 mV   / U_Br(2*v0)=293.75 mV
