#	Temperatur 7 (°C)	Temperatur 1 (°C)	Temperatur 2 (°C)	Temperatur 3 (°C)	Temperatur 4 (°C)	Temperatur 5 (°C)	Temperatur 6 (°C)	Temperatur 8 (°C)
1	24.20	26.90	25.01	23.85	25.64	24.70	24.27	25.16
2	24.18	26.87	25.10	23.97	25.61	24.69	24.49	25.16
3       24.16	26.85	25.20	24.09	25.59	24.71	24.70	25.16
4	24.14	26.82	25.30	24.23	25.56	24.73	24.91	25.15
5       24.14	26.80	25.41	24.36	25.54	24.75	25.12	25.15
6       24.13	26.78	25.53	24.50	25.53	24.78	25.33	25.14
7	24.13	26.76	25.64	24.65	25.51	24.81	25.54	25.13
8	24.13	26.75	25.76	24.80	25.50	24.85	25.75	25.13
9	24.13	26.73	25.89	24.95	25.49	24.89	25.95	25.12
10	24.14	26.72	26.01	25.10	25.48	24.94	26.16	25.12
11	24.15	26.70	26.14	25.26	25.48	24.99	26.36	25.11
12	24.16	26.70	26.27	25.41	25.47	25.04	26.55	25.10
13	24.18	26.69	26.39	25.57	25.47	25.10	26.74	25.10
14	24.20	26.69	26.52	25.72	25.47	25.16	26.93	25.09
15	24.23	26.69	26.64	25.88	25.48	25.22	27.12	25.09
16	24.25	26.69	26.76	26.03	25.48	25.29	27.30	25.08
17	24.29	26.69	26.89	26.19	25.49	25.36	27.48	25.07
18	24.32	26.69	27.02	26.34	25.50	25.43	27.65	25.07
19	24.36	26.69	27.14	26.50	25.51	25.50	27.83	25.06
20	24.40	26.70	27.26	26.64	25.52	25.58	27.99	25.06
21	24.44	26.71	27.39	26.79	25.54	25.65	28.15	25.05
22	24.48	26.72	27.51	26.94	25.55	25.73	28.31	25.04
23	24.54	26.73	27.63	27.09	25.58	25.81	28.47	25.04
24	24.59	26.73	27.75	27.23	25.60	25.88	28.63	25.03
25	24.64	26.75	27.86	27.37	25.61	25.97	28.78	25.02
26	24.70	26.77	27.99	27.51	25.64	26.05	28.93	25.02
27	24.75	26.78	28.10	27.65	25.66	26.13	29.08	25.01
28	24.81	26.80	28.21	27.78	25.69	26.21	29.22	25.00
29	24.87	26.82	28.33	27.92	25.72	26.30	29.36	25.00
30	24.93	26.84	28.44	28.05	25.74	26.38	29.50	24.99
31	24.99	26.86	28.55	28.18	25.77	26.46	29.62	24.98
32	25.05	26.88	28.65	28.31	25.80	26.55	29.76	24.98
33	25.12	26.91	28.76	28.43	25.84	26.63	29.89	24.97
34	25.19	26.93	28.87	28.56	25.87	26.72	30.02	24.97
35	25.26	26.95	28.97	28.68	25.90	26.80	30.14	24.96
36	25.33	26.98	29.08	28.81	25.94	26.89	30.27	24.96
37	25.40	27.00	29.18	28.93	25.97	26.98	30.39	24.95
38	25.46	27.03	29.28	29.04	26.01	27.07	30.50	24.94
39	25.54	27.06	29.38	29.15	26.04	27.15	30.62	24.94
40	25.61	27.09	29.47	29.27	26.08	27.23	30.74	24.93
41	25.69	27.11	29.57	29.38	26.12	27.32	30.85	24.93
42	25.76	27.14	29.66	29.49	26.16	27.41	30.97	24.92
43	25.83	27.17	29.75	29.60	26.20	27.50	31.07	24.92
44	25.90	27.20	29.84	29.71	26.24	27.59	31.18	24.90
45	25.97	27.24	29.94	29.81	26.28	27.67	31.29	24.90
46	26.05	27.26	30.03	29.92	26.32	27.76	31.39	24.90
47	26.13	27.30	30.11	30.01	26.36	27.84	31.50	24.89
48	26.20	27.33	30.20	30.12	26.40	27.93	31.60	24.89
49	26.28	27.36	30.29	30.21	26.44	28.02	31.70	24.88
50	26.36	27.39	30.37	30.31	26.49	28.10	31.80	24.88
51	26.43	27.43	30.45	30.41	26.53	28.18	31.89	24.87
52	26.51	27.46	30.53	30.49	26.57	28.27	31.99	24.86
53	26.59	27.50	30.61	30.59	26.61	28.35	32.09	24.86
54	26.66	27.53	30.69	30.68	26.66	28.44	32.18	24.85
55	26.74	27.56	30.77	30.76	26.70	28.52	32.27	24.85
56	26.81	27.60	30.85	30.85	26.74	28.61	32.37	24.84
57	26.89	27.63	30.92	30.94	26.78	28.69	32.46	24.84
58	26.98	27.67	31.00	31.03	26.83	28.78	32.54	24.83
59	27.04	27.70	31.08	31.11	26.87	28.86	32.63	24.83
60	27.13	27.73	31.15	31.19	26.92	28.94	32.72	24.82
61	27.20	27.78	31.22	31.27	26.96	29.03	32.80	24.81
62	27.27	27.81	31.29	31.35	27.01	29.11	32.89	24.81
63	27.35	27.84	31.36	31.43	27.05	29.20	32.97	24.81
64	27.42	27.88	31.43	31.51	27.09	29.28	33.05	24.81
65	27.50	27.92	31.50	31.59	27.14	29.36	33.13	24.80
66	27.58	27.95	31.57	31.66	27.18	29.44	33.22	24.80
67	27.65	27.99	31.63	31.73	27.23	29.52	33.29	24.79
68	27.72	28.02	31.70	31.81	27.27	29.60	33.37	24.79
69	27.80	28.06	31.77	31.87	27.31	29.69	33.45	24.79
70	27.87	28.10	31.83	31.95	27.36	29.76	33.53	24.78
71	27.95	28.13	31.89	32.02	27.41	29.84	33.61	24.78
72	28.01	28.17	31.96	32.08	27.45	29.92	33.69	24.78
73	28.08	28.21	32.02	32.15	27.49	29.99	33.76	24.78
74	28.15	28.25	32.08	32.22	27.53	30.08	33.83	24.77
75	28.23	28.28	32.14	32.28	27.58	30.15	33.91	24.77
76	28.30	28.31	32.20	32.35	27.62	30.23	33.98	24.77
77	28.37	28.36	32.25	32.42	27.67	30.31	34.06	24.77
78	28.44	28.39	32.31	32.48	27.72	30.38	34.12	24.76
79	28.51	28.42	32.38	32.53	27.75	30.46	34.19	24.76
80	28.58	28.47	32.43	32.60	27.79	30.54	34.26	24.76
81	28.64	28.50	32.49	32.66	27.84	30.62	34.33	24.76
82	28.71	28.54	32.54	32.72	27.88	30.69	34.39	24.76
83	28.79	28.57	32.60	32.78	27.93	30.77	34.47	24.75
84	28.85	28.61	32.65	32.84	27.97	30.84	34.54	24.75
85	28.92	28.65	32.70	32.89	28.02	30.92	34.60	24.76
86	28.98	28.68	32.76	32.95	28.06	30.99	34.66	24.75
87	29.05	28.72	32.81	33.00	28.10	31.06	34.73	24.75
88	29.11	28.76	32.86	33.06	28.14	31.13	34.80	24.75
89	29.19	28.79	32.91	33.12	28.19	31.21	34.87	24.75
90	29.24	28.83	32.96	33.16	28.23	31.27	34.93	24.75
91	29.31	28.87	33.01	33.22	28.27	31.35	34.99	24.75
92	29.37	28.90	33.06	33.27	28.31	31.42	35.05	24.75
93	29.44	28.94	33.11	33.32	28.35	31.49	35.12	24.75
94	29.50	28.98	33.16	33.38	28.41	31.56	35.17	24.75
95	29.56	29.01	33.21	33.42	28.44	31.63	35.24	24.75
96	29.62	29.05	33.26	33.47	28.48	31.70	35.30	24.75
97	29.68	29.09	33.30	33.52	28.52	31.77	35.36	24.76
98	29.74	29.12	33.35	33.57	28.56	31.84	35.42	24.75
99	29.80	29.16	33.39	33.62	28.61	31.91	35.47	24.76
100	29.86	29.20	33.44	33.67	28.65	31.97	35.54	24.76
101	29.92	29.23	33.49	33.71	28.69	32.04	35.59	24.76
102	29.98	29.27	33.53	33.76	28.73	32.11	35.65	24.76
103	30.04	29.31	33.57	33.80	28.77	32.18	35.71	24.76
104	30.10	29.34	33.62	33.85	28.81	32.24	35.76	24.77
105	30.16	29.38	33.67	33.90	28.86	32.31	35.81	24.76
106	30.21	29.41	33.70	33.94	28.89	32.38	35.87	24.77
107	30.27	29.45	33.75	33.98	28.93	32.44	35.93	24.77
108	30.33	29.48	33.79	34.02	28.97	32.50	35.98	24.78
109	30.39	29.52	33.83	34.07	29.01	32.57	36.04	24.78
110	30.44	29.55	33.87	34.10	29.05	32.63	36.09	24.78
111	30.49	29.59	33.91	34.15	29.10	32.69	36.14	24.78
112	30.55	29.63	33.95	34.19	29.13	32.76	36.20	24.79
113	30.59	29.66	33.99	34.23	29.17	32.82	36.25	24.79
114	30.66	29.69	34.03	34.27	29.22	32.88	36.30	24.80
115	30.71	29.73	34.07	34.31	29.25	32.94	36.36	24.80
116	30.77	29.76	34.11	34.34	29.29	33.00	36.41	24.80
117	30.81	29.80	34.15	34.39	29.33	33.07	36.46	24.80
118	30.87	29.83	34.19	34.43	29.37	33.13	36.50	24.81
119	30.92	29.87	34.22	34.46	29.41	33.19	36.56	24.81
120	30.97	29.90	34.26	34.50	29.45	33.25	36.60	24.81
121	31.02	29.94	34.30	34.54	29.48	33.31	36.66	24.82
122	31.07	29.97	34.33	34.57	29.52	33.37	36.71	24.83
123	31.11	30.01	34.37	34.61	29.56	33.43	36.75	24.83
124	31.17	30.04	34.41	34.65	29.60	33.49	36.80	24.84
125	31.21	30.08	34.45	34.68	29.64	33.54	36.85	24.84
126	31.26	30.11	34.48	34.72	29.67	33.60	36.90	24.84
127	31.31	30.14	34.51	34.75	29.71	33.66	36.95	24.85
128	31.36	30.18	34.55	34.79	29.75	33.72	37.00	24.86
129	31.41	30.21	34.58	34.82	29.78	33.77	37.04	24.87
130	31.46	30.25	34.62	34.85	29.82	33.83	37.09	24.87
131	31.50	30.28	34.66	34.89	29.86	33.89	37.14	24.88
132	31.55	30.32	34.69	34.92	29.90	33.94	37.18	24.88
133	31.59	30.35	34.72	34.95	29.93	33.99	37.22	24.89
134	31.64	30.38	34.76	34.98	29.97	34.05	37.26	24.89
135	31.68	30.42	34.79	35.02	30.00	34.10	37.31	24.90
136	31.73	30.45	34.82	35.05	30.04	34.16	37.36	24.90
137	31.77	30.49	34.85	35.08	30.07	34.21	37.40	24.91
138	31.81	30.52	34.89	35.11	30.11	34.26	37.44	24.92
139	31.86	30.55	34.92	35.14	30.15	34.32	37.49	24.93
140	31.90	30.58	34.95	35.18	30.18	34.37	37.53	24.94
141	31.94	30.62	34.98	35.21	30.22	34.42	37.57	24.94
142	31.99	30.65	35.02	35.23	30.25	34.48	37.62	24.96
143	32.02	30.68	35.05	35.27	30.30	34.53	37.66	24.96
144	32.07	30.72	35.07	35.29	30.32	34.58	37.70	24.96
145	32.11	30.74	35.12	35.32	30.35	34.63	37.74	24.97
146	32.15	30.78	35.14	35.36	30.39	34.69	37.78	24.98
147	32.19	30.81	35.17	35.38	30.42	34.74	37.82	24.99
148	32.23	30.84	35.20	35.41	30.46	34.79	37.86	25.00
149	32.27	30.88	35.24	35.44	30.49	34.83	37.90	25.00
150	32.31	30.91	35.26	35.47	30.52	34.88	37.94	25.01
151	32.35	30.94	35.29	35.50	30.56	34.94	37.98	25.02
152	32.39	30.97	35.32	35.52	30.59	34.98	38.02	25.03
153	32.43	31.01	35.35	35.55	30.63	35.03	38.06	25.04
154	32.47	31.04	35.38	35.58	30.66	35.08	38.09	25.04
155	32.51	31.06	35.41	35.60	30.69	35.13	38.14	25.05
156	32.54	31.10	35.44	35.63	30.73	35.17	38.18	25.06
157	32.58	31.13	35.46	35.66	30.76	35.23	38.21	25.07
158	32.61	31.16	35.49	35.69	30.79	35.27	38.25	25.08
159	32.66	31.19	35.52	35.71	30.82	35.31	38.29	25.09
160	32.69	31.22	35.55	35.74	30.85	35.37	38.33	25.09
161	32.73	31.25	35.58	35.76	30.89	35.41	38.37	25.10
162	32.76	31.28	35.60	35.79	30.92	35.46	38.40	25.12
163	32.79	31.31	35.63	35.81	30.95	35.51	38.44	25.12
164	32.83	31.35	35.66	35.84	30.98	35.55	38.47	25.13
165	32.86	31.38	35.69	35.86	31.01	35.60	38.51	25.14
166	32.90	31.41	35.71	35.89	31.05	35.64	38.55	25.15
167	32.93	31.44	35.74	35.91	31.08	35.68	38.58	25.16
168	32.97	31.47	35.76	35.94	31.11	35.72	38.62	25.17
169	33.00	31.50	35.79	35.96	31.14	35.77	38.66	25.18
170	33.04	31.53	35.82	35.99	31.17	35.82	38.69	25.19
171	33.07	31.56	35.84	36.01	31.20	35.86	38.72	25.20
172	33.11	31.58	35.87	36.03	31.23	35.90	38.76	25.20
173	33.14	31.62	35.90	36.05	31.26	35.94	38.79	25.22
174	33.17	31.65	35.92	36.08	31.30	35.99	38.83	25.22
175	33.20	31.68	35.95	36.10	31.32	36.03	38.86	25.23
176	33.24	31.71	35.97	36.12	31.35	36.07	38.89	25.24
177	33.27	31.74	36.00	36.15	31.38	36.11	38.93	25.26
178	33.30	31.77	36.03	36.17	31.42	36.15	38.96	25.27
179	33.33	31.79	36.05	36.20	31.44	36.20	38.99	25.28
180	33.36	31.83	36.07	36.22	31.48	36.24	39.02	25.29
181	33.39	31.86	36.10	36.24	31.50	36.27	39.05	25.30
182	33.43	31.88	36.13	36.26	31.53	36.32	39.09	25.31
183	33.45	31.91	36.15	36.28	31.56	36.36	39.12	25.32
184	33.49	31.94	36.17	36.31	31.59	36.40	39.15	25.33
185	33.51	31.97	36.20	36.33	31.62	36.44	39.18	25.34
186	33.55	31.99	36.22	36.35	31.65	36.47	39.22	25.35
187	33.57	32.02	36.25	36.37	31.68	36.52	39.25	25.36
188	33.60	32.06	36.27	36.40	31.71	36.55	39.28	25.38
189	33.63	32.08	36.29	36.41	31.73	36.60	39.31	25.38
190	33.66	32.11	36.32	36.44	31.76	36.63	39.34	25.40
191	33.70	32.13	36.34	36.46	31.79	36.67	39.37	25.41
192	33.72	32.17	36.37	36.48	31.82	36.71	39.40	25.42
193	33.75	32.20	36.39	36.50	31.85	36.75	39.44	25.43
194	33.78	32.22	36.41	36.52	31.88	36.78	39.46	25.44
195	33.80	32.25	36.43	36.54	31.90	36.83	39.49	25.45
196	33.83	32.28	36.46	36.56	31.93	36.86	39.52	25.46
197	33.85	32.31	36.48	36.58	31.96	36.90	39.55	25.47
198	33.89	32.34	36.51	36.60	31.99	36.94	39.58	25.48
199	33.91	32.36	36.53	36.62	32.01	36.97	39.61	25.49
200	33.94	32.39	36.55	36.64	32.04	37.01	39.64	25.51
201	33.96	32.42	36.57	36.66	32.06	37.05	39.66	25.51
202	33.99	32.44	36.59	36.68	32.09	37.08	39.69	25.53
203	34.02	32.47	36.62	36.70	32.12	37.12	39.72	25.54
204	34.04	32.50	36.64	36.72	32.15	37.15	39.75	25.55
205	34.07	32.53	36.66	36.74	32.17	37.19	39.78	25.56
206	34.10	32.56	36.68	36.76	32.20	37.22	39.81	25.58
207	34.12	32.58	36.70	36.78	32.22	37.25	39.83	25.59
208	34.15	32.60	36.73	36.80	32.25	37.29	39.86	25.59
209	34.17	32.63	36.75	36.82	32.28	37.32	39.89	25.61
210	34.20	32.66	36.77	36.83	32.31	37.36	39.92	25.62
211	34.22	32.68	36.79	36.85	32.33	37.39	39.94	25.63
212	34.25	32.71	36.81	36.87	32.36	37.42	39.97	25.64
213	34.27	32.74	36.83	36.89	32.38	37.46	39.99	25.66
214	34.30	32.76	36.86	36.91	32.41	37.49	40.03	25.67
215	34.32	32.79	36.87	36.93	32.43	37.53	40.05	25.68
216	34.34	32.81	36.90	36.94	32.46	37.56	40.07	25.69
217	34.37	32.84	36.92	36.97	32.49	37.60	40.10	25.70
218	34.39	32.87	36.94	36.98	32.51	37.62	40.13	25.72
219	34.41	32.89	36.96	37.00	32.54	37.66	40.15	25.73
220	34.43	32.92	36.98	37.02	32.56	37.69	40.18	25.74
221	34.46	32.94	37.00	37.03	32.58	37.73	40.21	25.75
222	34.48	32.97	37.03	37.05	32.61	37.75	40.23	25.76
223	34.51	33.00	37.04	37.07	32.63	37.78	40.25	25.77
224	34.53	33.02	37.07	37.09	32.65	37.82	40.28	25.78
225	34.55	33.04	37.09	37.11	32.68	37.85	40.30	25.80
226	34.57	33.07	37.10	37.12	32.70	37.88	40.33	25.81
227	34.59	33.10	37.12	37.14	32.73	37.91	40.35	25.82
228	34.62	33.12	37.15	37.16	32.75	37.94	40.37	25.83
229	34.64	33.15	37.16	37.17	32.78	37.97	40.40	25.84
230	34.66	33.17	37.18	37.19	32.80	38.00	40.42	25.85
231	34.68	33.20	37.21	37.21	32.82	38.03	40.45	25.87
232	34.70	33.23	37.22	37.23	32.85	38.06	40.47	25.88
233	34.72	33.25	37.24	37.24	32.87	38.09	40.49	25.89
234	34.75	33.27	37.26	37.26	32.90	38.12	40.52	25.91
235	34.77	33.30	37.28	37.27	32.92	38.15	40.54	25.92
236	34.79	33.33	37.30	37.28	32.95	38.18	40.56	25.93
237	34.81	33.34	37.32	37.30	32.96	38.20	40.58	25.94
238	34.83	33.37	37.34	37.32	32.99	38.23	40.61	25.95
239	34.85	33.39	37.36	37.34	33.01	38.27	40.63	25.96
240	34.87	33.42	37.38	37.35	33.03	38.30	40.66	25.97
241	34.89	33.44	37.40	37.37	33.05	38.32	40.68	25.98
242	34.92	33.47	37.41	37.39	33.08	38.35	40.70	26.00
243	34.93	33.49	37.43	37.40	33.10	38.38	40.72	26.01
244	34.95	33.52	37.45	37.42	33.12	38.41	40.74	26.02
245	34.97	33.54	37.47	37.43	33.14	38.44	40.77	26.03
246	34.99	33.56	37.49	37.45	33.17	38.47	40.79	26.05
247	35.01	33.58	37.51	37.47	33.19	38.49	40.81	26.06
248	35.03	33.61	37.53	37.48	33.21	38.52	40.83	26.07
249	35.05	33.63	37.55	37.50	33.23	38.55	40.85	26.08
250	35.07	33.66	37.57	37.52	33.26	38.57	40.88	26.10
251	35.09	33.68	37.59	37.53	33.28	38.60	40.90	26.11
252	35.11	33.70	37.60	37.54	33.30	38.63	40.92	26.12
253	35.13	33.72	37.62	37.56	33.32	38.65	40.94	26.13
254	35.15	33.75	37.64	37.57	33.34	38.68	40.96	26.14
255	35.17	33.77	37.66	37.59	33.37	38.70	40.98	26.16
256	35.18	33.79	37.68	37.60	33.39	38.73	41.00	26.17
257	35.20	33.82	37.70	37.62	33.41	38.76	41.02	26.18
258	35.22	33.84	37.71	37.64	33.43	38.78	41.04	26.20
259	35.24	33.86	37.73	37.65	33.45	38.81	41.06	26.21
260	35.26	33.89	37.75	37.66	33.47	38.83	41.08	26.22
261	35.27	33.91	37.76	37.68	33.49	38.86	41.10	26.23
262	35.30	33.93	37.78	37.70	33.51	38.88	41.12	26.24
263	35.31	33.95	37.80	37.71	33.53	38.91	41.14	26.25
264	35.33	33.98	37.82	37.72	33.55	38.93	41.16	26.26
265	35.34	34.00	37.84	37.74	33.57	38.96	41.18	26.28
266	35.36	34.02	37.85	37.75	33.59	38.98	41.20	26.29
267	35.38	34.04	37.87	37.76	33.61	39.00	41.22	26.31
268	35.40	34.07	37.89	37.78	33.63	39.03	41.24	26.32
269	35.41	34.09	37.90	37.79	33.66	39.06	41.26	26.33
270	35.43	34.11	37.92	37.81	33.68	39.08	41.27	26.34
271	35.45	34.13	37.94	37.83	33.69	39.10	41.30	26.35
272	35.47	34.15	37.96	37.84	33.72	39.12	41.32	26.37
273	35.48	34.18	37.98	37.86	33.74	39.15	41.33	26.37
274	35.50	34.20	37.99	37.87	33.76	39.17	41.35	26.39
275	35.51	34.22	38.01	37.88	33.78	39.19	41.37	26.40
276	35.53	34.24	38.03	37.89	33.79	39.22	41.39	26.41
277	35.55	34.27	38.05	37.91	33.81	39.24	41.41	26.42
278	35.56	34.29	38.06	37.92	33.83	39.27	41.42	26.43
279	35.58	34.31	38.08	37.94	33.85	39.29	41.45	26.45
280	35.60	34.33	38.10	37.95	33.87	39.31	41.46	26.46
281	35.61	34.35	38.11	37.97	33.89	39.34	41.48	26.48
282	35.62	34.37	38.13	37.98	33.91	39.36	41.50	26.48
283	35.64	34.39	38.14	37.99	33.93	39.38	41.52	26.50
284	35.66	34.41	38.16	38.00	33.95	39.40	41.54	26.51
285	35.67	34.43	38.18	38.02	33.97	39.42	41.56	26.52
286	35.69	34.45	38.19	38.03	33.99	39.45	41.57	26.53
287	35.71	34.47	38.21	38.05	34.01	39.46	41.59	26.54
288	35.72	34.49	38.23	38.06	34.02	39.49	41.61	26.56
289	35.73	34.51	38.24	38.08	34.05	39.51	41.63	26.57
290	35.75	34.54	38.26	38.08	34.06	39.53	41.64	26.58
291	35.76	34.55	38.27	38.10	34.08	39.55	41.66	26.59
292	35.78	34.58	38.30	38.11	34.10	39.57	41.67	26.60
293	35.80	34.60	38.31	38.12	34.11	39.60	41.69	26.61
294	35.81	34.61	38.33	38.14	34.13	39.62	41.71	26.62
295	35.83	34.64	38.34	38.15	34.15	39.64	41.73	26.64
296	35.84	34.65	38.36	38.16	34.17	39.66	41.74	26.65
297	35.85	34.68	38.37	38.18	34.19	39.68	41.76	26.66
298	35.87	34.70	38.39	38.19	34.20	39.70	41.78	26.67
299	35.89	34.72	38.41	38.20	34.23	39.72	41.79	26.69
300	35.90	34.74	38.42	38.21	34.24	39.74	41.81	26.70
301	35.91	34.76	38.44	38.23	34.26	39.76	41.83	26.71
302	35.93	34.78	38.45	38.24	34.28	39.78	41.84	26.72
303	35.94	34.80	38.47	38.25	34.30	39.80	41.86	26.73
304	35.96	34.82	38.49	38.27	34.31	39.82	41.87	26.74
305	35.97	34.84	38.50	38.28	34.33	39.85	41.89	26.75
306	35.99	34.86	38.52	38.29	34.35	39.86	41.90	26.77
307	36.00	34.88	38.53	38.30	34.36	39.88	41.92	26.78
308	36.02	34.90	38.54	38.31	34.38	39.90	41.94	26.79
309	36.03	34.92	38.56	38.33	34.40	39.92	41.95	26.80
310	36.04	34.94	38.58	38.34	34.42	39.94	41.97	26.81
311	36.06	34.96	38.59	38.36	34.44	39.96	41.98	26.83
312	36.07	34.98	38.61	38.37	34.46	39.98	42.00	26.84
313	36.08	35.00	38.63	38.38	34.47	40.00	42.01	26.85
314	36.10	35.02	38.64	38.39	34.49	40.02	42.03	26.86
315	36.11	35.03	38.66	38.40	34.51	40.04	42.05	26.87
316	36.12	35.06	38.67	38.42	34.52	40.06	42.06	26.88
317	36.14	35.08	38.68	38.42	34.54	40.08	42.07	26.90
318	36.15	35.10	38.70	38.44	34.56	40.10	42.09	26.91
319	36.16	35.11	38.71	38.45	34.57	40.11	42.10	26.92
320	36.18	35.13	38.73	38.46	34.59	40.13	42.12	26.93
321	36.19	35.15	38.74	38.48	34.61	40.15	42.13	26.95
322	36.21	35.17	38.76	38.49	34.62	40.17	42.15	26.95
323	36.22	35.19	38.77	38.50	34.64	40.18	42.16	26.97
324	36.23	35.21	38.79	38.51	34.65	40.21	42.18	26.98
325	36.24	35.23	38.81	38.53	34.67	40.22	42.19	26.99
326	36.26	35.25	38.82	38.54	34.69	40.24	42.21	27.00
327	36.27	35.27	38.84	38.55	34.71	40.26	42.22	27.01
328	36.29	35.28	38.85	38.56	34.72	40.28	42.24	27.02
329	36.29	35.31	38.86	38.57	34.74	40.30	42.25	27.03
330	36.31	35.32	38.88	38.58	34.76	40.31	42.27	27.05
331	36.32	35.34	38.89	38.59	34.77	40.33	42.28	27.06
332	36.34	35.36	38.91	38.61	34.79	40.35	42.29	27.07
333	36.35	35.38	38.92	38.62	34.81	40.37	42.30	27.08
334	36.36	35.40	38.94	38.63	34.82	40.38	42.32	27.10
335	36.37	35.42	38.95	38.64	34.84	40.40	42.34	27.10
336	36.38	35.44	38.96	38.65	34.85	40.41	42.35	27.12
337	36.39	35.45	38.98	38.66	34.87	40.43	42.36	27.13
338	36.41	35.47	39.00	38.67	34.88	40.45	42.38	27.13
339	36.42	35.49	39.01	38.68	34.89	40.47	42.39	27.15
340	36.43	35.50	39.02	38.69	34.91	40.49	42.40	27.16
341	36.44	35.52	39.04	38.71	34.93	40.50	42.42	27.17
342	36.45	35.54	39.05	38.72	34.94	40.52	42.43	27.18
343	36.47	35.56	39.07	38.73	34.96	40.53	42.44	27.19
344	36.48	35.58	39.08	38.74	34.97	40.55	42.46	27.20
345	36.49	35.60	39.10	38.76	34.99	40.57	42.47	27.21
346	36.50	35.61	39.11	38.76	35.01	40.59	42.49	27.23
347	36.52	35.63	39.12	38.78	35.02	40.60	42.50	27.24
348	36.53	35.65	39.13	38.79	35.04	40.62	42.51	27.25
349	36.54	35.66	39.15	38.80	35.05	40.64	42.52	27.27
350	36.55	35.68	39.16	38.81	35.06	40.65	42.54	27.27
351	36.56	35.70	39.17	38.82	35.08	40.67	42.55	27.29
352	36.57	35.72	39.19	38.83	35.10	40.68	42.56	27.29
353	36.59	35.73	39.20	38.84	35.11	40.70	42.58	27.30
354	36.60	35.75	39.22	38.85	35.13	40.71	42.59	27.32
355	36.61	35.77	39.23	38.86	35.14	40.73	42.61	27.33
356	36.62	35.79	39.25	38.88	35.15	40.75	42.62	27.34
357	36.63	35.80	39.26	38.88	35.17	40.76	42.63	27.35
358	36.65	35.82	39.27	38.90	35.19	40.78	42.64	27.36
359	36.66	35.84	39.28	38.91	35.20	40.80	42.66	27.37
360	36.67	35.85	39.30	38.92	35.21	40.81	42.67	27.39
361	36.67	35.87	39.31	38.93	35.23	40.83	42.68	27.40
362	36.69	35.89	39.33	38.94	35.24	40.84	42.69	27.41
363	36.70	35.90	39.34	38.95	35.26	40.86	42.70	27.42
364	36.71	35.92	39.35	38.95	35.26	40.87	42.72	27.42
365	36.72	35.94	39.37	38.96	35.28	40.89	42.73	27.43
366	36.73	35.96	39.38	38.97	35.29	40.90	42.74	27.45
367	36.74	35.97	39.39	38.99	35.31	40.91	42.76	27.46
368	36.75	35.99	39.41	39.00	35.32	40.93	42.77	27.47
369	36.77	36.01	39.42	39.01	35.34	40.95	42.78	27.48
370	36.78	36.03	39.43	39.02	35.36	40.96	42.79	27.49
371	36.79	36.04	39.45	39.03	35.37	40.98	42.80	27.50
372	36.80	36.06	39.46	39.05	35.38	40.99	42.82	27.51
373	36.81	36.07	39.47	39.05	35.40	41.01	42.83	27.52
374	36.82	36.09	39.49	39.07	35.41	41.02	42.84	27.53
375	36.83	36.11	39.50	39.07	35.43	41.04	42.85	27.55
376	36.84	36.12	39.51	39.09	35.44	41.05	42.86	27.56
377	36.85	36.14	39.52	39.10	35.45	41.06	42.87	27.57
378	36.86	36.16	39.54	39.11	35.47	41.08	42.89	27.58
379	36.88	36.17	39.55	39.12	35.48	41.09	42.90	27.59
380	36.88	36.19	39.56	39.13	35.50	41.11	42.91	27.60
381	36.90	36.20	39.58	39.14	35.51	41.12	42.92	27.61
382	36.90	36.22	39.59	39.15	35.52	41.13	42.94	27.62
383	36.92	36.24	39.60	39.16	35.54	41.15	42.95	27.64
384	36.93	36.25	39.62	39.17	35.55	41.16	42.95	27.64
385	36.94	36.27	39.63	39.18	35.56	41.18	42.97	27.66
386	36.95	36.28	39.64	39.19	35.58	41.19	42.98	27.67
387	36.96	36.30	39.65	39.20	35.60	41.20	42.99	27.68
388	36.97	36.32	39.67	39.21	35.60	41.22	43.00	27.69
389	36.98	36.33	39.68	39.22	35.62	41.23	43.01	27.70
390	36.99	36.35	39.69	39.23	35.63	41.24	43.03	27.71
391	37.00	36.37	39.71	39.24	35.64	41.26	43.04	27.72
392	37.01	36.38	39.72	39.25	35.65	41.27	43.05	27.73
393	37.02	36.40	39.73	39.26	35.67	41.28	43.06	27.74
394	37.03	36.41	39.74	39.27	35.68	41.30	43.07	27.75
395	37.04	36.43	39.75	39.28	35.70	41.31	43.08	27.76
396	37.05	36.44	39.77	39.29	35.71	41.32	43.09	27.77
397	37.06	36.46	39.78	39.30	35.72	41.34	43.10	27.78
398	37.07	36.47	39.79	39.31	35.73	41.35	43.11	27.79
399	37.08	36.49	39.80	39.32	35.74	41.36	43.13	27.80
400	37.09	36.50	39.82	39.33	35.76	41.38	43.14	27.82
401	37.10	36.52	39.83	39.34	35.78	41.39	43.15	27.82
402	37.12	36.53	39.85	39.34	35.78	41.40	43.16	27.84
403	37.12	36.55	39.85	39.36	35.80	41.41	43.17	27.85
404	37.13	36.57	39.87	39.37	35.81	41.43	43.18	27.86
405	37.14	36.58	39.88	39.37	35.82	41.44	43.19	27.86
406	37.15	36.60	39.89	39.38	35.83	41.45	43.20	27.88
407	37.15	36.61	39.90	39.40	35.85	41.47	43.21	27.88
408	37.17	36.63	39.91	39.40	35.86	41.48	43.22	27.90
409	37.18	36.64	39.93	39.42	35.87	41.49	43.23	27.91
410	37.19	36.65	39.94	39.43	35.89	41.51	43.24	27.92
411	37.20	36.67	39.95	39.43	35.90	41.52	43.25	27.93
412	37.21	36.69	39.96	39.44	35.91	41.53	43.26	27.94
413	37.22	36.70	39.98	39.45	35.93	41.54	43.28	27.95
414	37.23	36.72	39.99	39.46	35.94	41.56	43.28	27.96
415	37.23	36.73	40.00	39.48	35.95	41.57	43.29	27.97
416	37.25	36.75	40.01	39.48	35.96	41.58	43.30	27.98
417	37.25	36.76	40.03	39.49	35.98	41.59	43.32	27.99
418	37.26	36.78	40.04	39.50	35.99	41.61	43.32	28.00
419	37.27	36.79	40.05	39.51	36.00	41.61	43.33	28.01
420	37.28	36.80	40.06	39.52	36.01	41.63	43.35	28.02
421	37.29	36.82	40.07	39.53	36.02	41.64	43.36	28.03
422	37.30	36.84	40.08	39.54	36.04	41.65	43.37	28.04
423	37.31	36.85	40.10	39.55	36.05	41.66	43.38	28.05
424	37.32	36.86	40.11	39.56	36.06	41.68	43.39	28.06
425	37.33	36.88	40.12	39.57	36.07	41.69	43.40	28.07
426	37.34	36.89	40.13	39.57	36.08	41.70	43.40	28.08
427	37.34	36.91	40.14	39.58	36.10	41.71	43.41	28.09
428	37.36	36.92	40.16	39.59	36.11	41.72	43.42	28.10
429	37.37	36.93	40.17	39.60	36.12	41.74	43.43	28.11
430	37.37	36.95	40.18	39.61	36.13	41.75	43.44	28.12
431	37.38	36.96	40.19	39.62	36.14	41.76	43.46	28.13
432	37.40	36.97	40.20	39.63	36.16	41.77	43.47	28.14
433	37.40	36.99	40.21	39.64	36.17	41.78	43.47	28.15
434	37.41	37.01	40.22	39.65	36.18	41.80	43.48	28.16
435	37.42	37.02	40.23	39.65	36.19	41.80	43.49	28.17
436	37.43	37.04	40.25	39.67	36.20	41.82	43.50	28.18
437	37.44	37.05	40.26	39.67	36.21	41.83	43.51	28.19
438	37.44	37.06	40.27	39.68	36.23	41.84	43.52	28.20
439	37.45	37.08	40.28	39.69	36.24	41.85	43.53	28.21
440	37.46	37.09	40.29	39.70	36.25	41.86	43.54	28.22
441	37.47	37.11	40.30	39.71	36.26	41.87	43.55	28.23
442	37.48	37.12	40.31	39.72	36.27	41.89	43.56	28.24
443	37.49	37.13	40.33	39.73	36.28	41.90	43.57	28.25
444	37.50	37.15	40.34	39.74	36.29	41.91	43.58	28.26
445	37.51	37.16	40.35	39.74	36.30	41.92	43.59	28.27
446	37.52	37.17	40.36	39.75	36.32	41.93	43.60	28.28
447	37.53	37.19	40.37	39.76	36.33	41.94	43.61	28.29
448	37.53	37.20	40.38	39.77	36.34	41.95	43.62	28.30
449	37.55	37.21	40.39	39.78	36.35	41.97	43.62	28.31
450	37.55	37.23	40.41	39.79	36.36	41.98	43.64	28.32
451	37.56	37.24	40.41	39.80	36.37	41.98	43.64	28.33
452	37.57	37.25	40.42	39.81	36.38	42.00	43.65	28.33
453	37.58	37.27	40.44	39.82	36.39	42.01	43.66	28.35
454	37.59	37.28	40.45	39.83	36.41	42.02	43.67	28.36
455	37.60	37.30	40.46	39.83	36.42	42.03	43.68	28.37
456	37.60	37.31	40.47	39.84	36.43	42.03	43.69	28.38
457	37.62	37.32	40.48	39.85	36.44	42.05	43.70	28.39
458	37.62	37.34	40.49	39.86	36.46	42.06	43.71	28.40
459	37.63	37.35	40.50	39.87	36.46	42.07	43.72	28.41
460	37.64	37.36	40.51	39.88	36.48	42.08	43.73	28.42
461	37.65	37.37	40.52	39.88	36.49	42.09	43.74	28.43
462	37.66	37.39	40.53	39.90	36.49	42.10	43.74	28.43
463	37.67	37.40	40.55	39.90	36.51	42.11	43.76	28.45
464	37.68	37.42	40.55	39.91	36.52	42.13	43.77	28.45
465	37.69	37.43	40.57	39.92	36.53	42.13	43.77	28.46
466	37.69	37.44	40.58	39.93	36.55	42.15	43.78	28.47
467	37.70	37.46	40.59	39.94	36.55	42.16	43.79	28.48
468	37.71	37.46	40.60	39.95	36.56	42.17	43.80	28.49
469	37.72	37.48	40.61	39.96	36.57	42.17	43.81	28.50
470	37.72	37.50	40.62	39.96	36.59	42.19	43.82	28.52
471	37.73	37.51	40.64	39.97	36.59	42.20	43.82	28.53
472	37.74	37.52	40.64	39.98	36.60	42.21	43.84	28.53
473	37.75	37.54	40.66	39.99	36.62	42.22	43.84	28.54
474	37.76	37.55	40.66	40.00	36.62	42.23	43.85	28.55
475	37.77	37.56	40.67	40.01	36.64	42.24	43.86	28.56
476	37.77	37.57	40.69	40.01	36.64	42.25	43.87	28.57
477	37.78	37.58	40.70	40.02	36.66	42.26	43.88	28.58
478	37.79	37.60	40.71	40.03	36.67	42.27	43.89	28.59
479	37.80	37.61	40.72	40.04	36.68	42.27	43.90	28.60
480	37.81	37.62	40.73	40.05	36.68	42.28	43.90	28.61
481	37.82	37.64	40.74	40.06	36.70	42.30	43.91	28.62
482	37.83	37.65	40.75	40.06	36.71	42.31	43.92	28.63
483	37.83	37.66	40.76	40.07	36.72	42.31	43.93	28.63
484	37.84	37.67	40.77	40.08	36.73	42.33	43.94	28.65
485	37.85	37.69	40.78	40.09	36.74	42.34	43.95	28.66
486	37.86	37.70	40.79	40.10	36.76	42.35	43.96	28.67
487	37.87	37.72	40.80	40.11	36.76	42.36	43.97	28.68
488	37.87	37.72	40.81	40.11	36.77	42.36	43.97	28.68
489	37.88	37.74	40.82	40.12	36.79	42.38	43.99	28.69
490	37.89	37.75	40.84	40.13	36.79	42.39	43.99	28.70
491	37.90	37.76	40.84	40.14	36.80	42.40	44.00	28.71
492	37.91	37.78	40.86	40.15	36.81	42.41	44.01	28.72
493	37.91	37.79	40.86	40.15	36.83	42.42	44.02	28.73
494	37.92	37.80	40.88	40.17	36.83	42.42	44.02	28.74
495	37.93	37.81	40.89	40.17	36.84	42.43	44.03	28.74
496	37.94	37.82	40.90	40.18	36.86	42.44	44.04	28.76
497	37.94	37.84	40.90	40.19	36.86	42.45	44.05	28.77
498	37.96	37.85	40.92	40.20	36.88	42.46	44.06	28.78
499	37.96	37.86	40.93	40.21	36.88	42.47	44.07	28.79
500	37.97	37.87	40.94	40.21	36.89	42.48	44.07	28.80
501	37.98	37.89	40.95	40.22	36.91	42.49	44.08	28.81
502	37.99	37.90	40.96	40.23	36.91	42.50	44.09	28.82
503	37.99	37.91	40.97	40.24	36.92	42.51	44.10	28.82
504	38.00	37.92	40.98	40.24	36.94	42.52	44.10	28.83
505	38.01	37.94	40.99	40.25	36.94	42.53	44.12	28.84
506	38.01	37.95	41.00	40.26	36.95	42.54	44.12	28.85
507	38.02	37.96	41.01	40.27	36.97	42.55	44.13	28.86
508	38.03	37.97	41.02	40.27	36.97	42.56	44.14	28.87
509	38.03	37.99	41.03	40.27	36.97	42.57	44.15	28.87
510	38.03	38.00	41.04	40.28	36.96	42.58	44.16	28.88
511	38.03	38.01	41.05	40.29	36.97	42.58	44.16	28.88
512	38.04	38.02	41.06	40.29	36.98	42.59	44.17	28.89
513	38.05	38.03	41.07	40.30	37.00	42.60	44.18	28.90
514	38.06	38.04	41.08	40.31	37.01	42.61	44.19	28.90
515	38.06	38.05	41.09	40.32	37.02	42.62	44.20	28.92
516	38.08	38.07	41.10	40.33	37.03	42.63	44.21	28.93
517	38.09	38.08	41.11	40.34	37.05	42.64	44.21	28.94
518	38.09	38.09	41.12	40.35	37.06	42.65	44.22	28.95
519	38.10	38.10	41.13	40.36	37.07	42.66	44.23	28.96
520	38.11	38.11	41.14	40.37	37.08	42.67	44.23	28.97
521	38.12	38.12	41.15	40.37	37.09	42.68	44.24	28.98
522	38.13	38.14	41.16	40.38	37.10	42.68	44.25	28.99
523	38.13	38.15	41.17	40.39	37.11	42.69	44.26	28.99
524	38.14	38.16	41.18	40.41	37.12	42.70	44.27	29.01
525	38.15	38.18	41.19	40.41	37.13	42.71	44.27	29.01
526	38.16	38.18	41.20	40.42	37.14	42.72	44.28	29.02
527	38.17	38.19	41.21	40.42	37.15	42.73	44.29	29.03
528	38.18	38.21	41.22	40.43	37.16	42.73	44.30	29.04
529	38.18	38.22	41.23	40.44	37.17	42.75	44.30	29.05
530	38.19	38.23	41.24	40.44	37.18	42.76	44.31	29.06
531	38.20	38.24	41.25	40.45	37.18	42.77	44.32	29.07
532	38.20	38.25	41.26	40.46	37.19	42.77	44.33	29.08
533	38.21	38.27	41.27	40.47	37.20	42.78	44.33	29.09
534	38.22	38.28	41.28	40.48	37.21	42.79	44.35	29.09
535	38.23	38.29	41.29	40.48	37.22	42.80	44.35	29.11
536	38.24	38.30	41.30	40.49	37.23	42.81	44.36	29.12
537	38.24	38.31	41.31	40.50	37.24	42.81	44.37	29.12
538	38.25	38.32	41.31	40.51	37.25	42.82	44.38	29.13
539	38.26	38.33	41.33	40.52	37.26	42.83	44.38	29.14
540	38.27	38.34	41.33	40.52	37.27	42.84	44.39	29.15
541	38.28	38.36	41.34	40.53	37.28	42.85	44.40	29.16
542	38.28	38.37	41.35	40.54	37.29	42.86	44.41	29.17
543	38.30	38.38	41.36	40.55	37.30	42.86	44.41	29.18
544	38.30	38.39	41.37	40.56	37.30	42.88	44.42	29.18
545	38.31	38.40	41.38	40.56	37.31	42.88	44.43	29.19
546	38.32	38.41	41.39	40.57	37.32	42.89	44.44	29.20
547	38.32	38.42	41.40	40.58	37.33	42.90	44.44	29.21
548	38.33	38.43	41.41	40.58	37.34	42.91	44.45	29.22
549	38.34	38.45	41.42	40.59	37.35	42.92	44.46	29.23
550	38.34	38.46	41.43	40.60	37.36	42.92	44.47	29.24
551	38.35	38.47	41.44	40.61	37.37	42.93	44.47	29.25
552	38.36	38.48	41.45	40.62	37.38	42.94	44.48	29.26
553	38.37	38.49	41.45	40.62	37.38	42.95	44.49	29.26
554	38.37	38.50	41.46	40.63	37.40	42.96	44.49	29.27
555	38.38	38.51	41.47	40.64	37.40	42.97	44.50	29.28
556	38.39	38.53	41.49	40.65	37.41	42.97	44.51	29.29
557	38.40	38.54	41.50	40.66	37.42	42.98	44.52	29.30
558	38.40	38.54	41.51	40.66	37.43	42.99	44.52	29.30
559	38.41	38.56	41.51	40.67	37.44	43.00	44.53	29.32
560	38.42	38.57	41.52	40.67	37.45	43.01	44.54	29.32
561	38.43	38.58	41.53	40.68	37.46	43.01	44.54	29.33
562	38.43	38.59	41.54	40.69	37.47	43.03	44.56	29.34
563	38.44	38.60	41.55	40.70	37.47	43.03	44.56	29.35
564	38.45	38.61	41.56	40.70	37.48	43.04	44.57	29.35
565	38.45	38.62	41.57	40.71	37.49	43.05	44.57	29.37
566	38.46	38.63	41.58	40.72	37.50	43.06	44.59	29.38
567	38.47	38.64	41.59	40.73	37.51	43.07	44.59	29.38
568	38.47	38.66	41.60	40.73	37.52	43.08	44.60	29.39
569	38.48	38.66	41.61	40.74	37.53	43.08	44.60	29.40
570	38.49	38.67	41.61	40.75	37.54	43.09	44.61	29.41
571	38.49	38.68	41.62	40.75	37.54	43.10	44.62	29.41
572	38.50	38.69	41.63	40.76	37.55	43.10	44.63	29.42
573	38.51	38.70	41.64	40.77	37.56	43.11	44.63	29.43
574	38.52	38.72	41.65	40.78	37.57	43.12	44.64	29.45
575	38.53	38.73	41.66	40.79	37.58	43.13	44.65	29.45
576	38.53	38.74	41.67	40.80	37.59	43.14	44.65	29.46
577	38.54	38.75	41.68	40.80	37.60	43.14	44.67	29.47
578	38.55	38.76	41.69	40.81	37.61	43.16	44.67	29.47
579	38.55	38.77	41.70	40.81	37.62	43.16	44.68	29.48
580	38.56	38.78	41.70	40.82	37.62	43.17	44.68	29.49
581	38.57	38.79	41.71	40.83	37.63	43.18	44.69	29.50
582	38.58	38.80	41.72	40.84	37.64	43.19	44.70	29.51
583	38.58	38.81	41.73	40.84	37.65	43.19	44.71	29.52
584	38.59	38.82	41.74	40.85	37.65	43.20	44.71	29.52
585	38.60	38.83	41.75	40.86	37.66	43.21	44.72	29.54
586	38.60	38.84	41.76	40.87	37.67	43.22	44.73	29.55
587	38.61	38.85	41.77	40.87	37.68	43.23	44.73	29.55
588	38.61	38.87	41.78	40.87	37.68	43.23	44.74	29.56
589	38.61	38.87	41.78	40.87	37.69	43.24	44.75	29.56
590	38.62	38.88	41.79	40.88	37.69	43.25	44.76	29.57
591	38.63	38.89	41.80	40.89	37.70	43.26	44.76	29.58
592	38.63	38.90	41.81	40.90	37.71	43.27	44.77	29.58
593	38.64	38.91	41.82	40.91	37.72	43.27	44.78	29.59
594	38.65	38.92	41.83	40.92	37.73	43.28	44.79	29.60
595	38.66	38.93	41.84	40.93	37.74	43.29	44.79	29.61
596	38.66	38.95	41.85	40.93	37.75	43.29	44.80	29.62
597	38.67	38.96	41.86	40.94	37.76	43.31	44.81	29.63
598	38.68	38.96	41.87	40.94	37.77	43.31	44.81	29.63
599	38.68	38.98	41.87	40.95	37.77	43.32	44.82	29.64
600	38.69	38.99	41.88	40.96	37.78	43.33	44.82	29.65
601	38.70	39.00	41.89	40.97	37.79	43.33	44.83	29.66
602	38.70	39.01	41.90	40.98	37.80	43.34	44.83	29.67
603	38.71	39.02	41.91	40.99	37.81	43.35	44.84	29.67
604	38.72	39.03	41.92	40.99	37.82	43.35	44.85	29.68
605	38.73	39.04	41.93	41.00	37.83	43.36	44.86	29.69
606	38.74	39.05	41.94	41.01	37.84	43.37	44.87	29.70
607	38.74	39.05	41.94	41.02	37.84	43.38	44.87	29.71
608	38.75	39.07	41.95	41.02	37.85	43.38	44.88	29.71
609	38.75	39.07	41.96	41.03	37.86	43.39	44.89	29.72
610	38.76	39.09	41.97	41.04	37.87	43.40	44.89	29.73
611	38.77	39.10	41.98	41.05	37.88	43.41	44.90	29.74
612	38.78	39.10	41.99	41.05	37.88	43.41	44.91	29.74
613	38.78	39.11	42.00	41.06	37.90	43.42	44.91	29.76
614	38.79	39.13	42.00	41.07	37.91	43.43	44.92	29.76
615	38.80	39.14	42.02	41.07	37.91	43.44	44.93	29.77
616	38.80	39.15	42.02	41.08	37.92	43.44	44.94	29.78
617	38.81	39.15	42.03	41.09	37.93	43.45	44.94	29.79
618	38.82	39.17	42.04	41.10	37.94	43.46	44.95	29.80
619	38.83	39.17	42.05	41.10	37.94	43.46	44.96	29.80
620	38.83	39.19	42.06	41.11	37.95	43.47	44.96	29.81
621	38.84	39.19	42.06	41.12	37.96	43.48	44.97	29.82
622	38.85	39.21	42.07	41.12	37.97	43.48	44.97	29.84
623	38.85	39.21	42.08	41.13	37.98	43.49	44.98	29.84
624	38.86	39.22	42.09	41.14	37.99	43.51	44.99	29.85
625	38.86	39.23	42.10	41.15	37.99	43.51	44.99	29.85
626	38.87	39.24	42.10	41.15	38.00	43.52	45.00	29.86
627	38.88	39.25	42.11	41.16	38.01	43.53	45.01	29.87
628	38.88	39.26	42.12	41.16	38.02	43.53	45.01	29.88
629	38.89	39.27	42.13	41.17	38.03	43.54	45.02	29.89
630	38.90	39.28	42.14	41.18	38.03	43.55	45.03	29.89
631	38.91	39.29	42.15	41.19	38.04	43.56	45.04	29.91
632	38.91	39.30	42.16	41.19	38.05	43.56	45.04	29.92
633	38.92	39.31	42.16	41.20	38.05	43.57	45.05	29.92
634	38.93	39.32	42.18	41.21	38.07	43.58	45.06	29.92
635	38.93	39.33	42.19	41.22	38.07	43.58	45.06	29.94
636	38.94	39.34	42.19	41.22	38.08	43.60	45.07	29.94
637	38.95	39.35	42.20	41.23	38.09	43.60	45.07	29.95
638	38.95	39.36	42.21	41.24	38.09	43.60	45.08	29.96
639	38.96	39.37	42.22	41.24	38.10	43.61	45.09	29.97
640	38.96	39.38	42.23	41.25	38.11	43.62	45.09	29.98
641	38.97	39.39	42.23	41.25	38.12	43.62	45.10	29.99
642	38.98	39.39	42.24	41.26	38.12	43.63	45.11	29.99
643	38.99	39.41	42.25	41.27	38.13	43.64	45.11	30.00
644	38.99	39.42	42.26	41.28	38.14	43.65	45.12	30.01
645	39.01	39.42	42.27	41.28	38.15	43.65	45.13	30.02
646	39.01	39.43	42.28	41.29	38.16	43.66	45.13	30.03
647	39.02	39.44	42.28	41.30	38.17	43.67	45.14	30.03
648	39.03	39.45	42.29	41.30	38.17	43.67	45.15	30.04
649	39.03	39.46	42.30	41.31	38.18	43.68	45.16	30.04
650	39.04	39.47	42.31	41.32	38.19	43.69	45.16	30.06
651	39.05	39.48	42.32	41.32	38.20	43.69	45.17	30.06
652	39.05	39.49	42.32	41.33	38.20	43.70	45.17	30.07
653	39.06	39.50	42.33	41.34	38.21	43.71	45.18	30.08
654	39.07	39.51	42.34	41.34	38.22	43.71	45.19	30.09
655	39.07	39.52	42.35	41.35	38.23	43.72	45.19	30.10
656	39.08	39.52	42.36	41.36	38.24	43.72	45.20	30.10
657	39.09	39.53	42.36	41.36	38.24	43.73	45.20	30.11
658	39.10	39.55	42.38	41.38	38.25	43.74	45.21	30.12
659	39.10	39.56	42.38	41.38	38.25	43.75	45.21	30.12
660	39.10	39.57	42.39	41.39	38.26	43.75	45.22	30.13
661	39.11	39.57	42.40	41.39	38.27	43.76	45.23	30.14
662	39.12	39.58	42.41	41.39	38.28	43.77	45.24	30.15
663	39.12	39.59	42.41	41.40	38.29	43.78	45.24	30.16
664	39.13	39.60	42.42	41.41	38.29	43.78	45.25	30.17
665	39.14	39.61	42.43	41.42	38.30	43.79	45.26	30.17
666	39.14	39.62	42.44	41.43	38.31	43.79	45.26	30.18
667	39.15	39.63	42.45	41.43	38.32	43.80	45.27	30.19
668	39.16	39.64	42.46	41.44	38.33	43.81	45.27	30.20
669	39.16	39.65	42.46	41.45	38.33	43.81	45.28	30.20
670	39.17	39.65	42.47	41.45	38.34	43.82	45.29	30.21
671	39.17	39.67	42.48	41.46	38.34	43.83	45.29	30.22
672	39.18	39.67	42.49	41.47	38.36	43.84	45.30	30.22
673	39.19	39.68	42.49	41.47	38.36	43.84	45.31	30.24
674	39.19	39.69	42.50	41.48	38.37	43.85	45.31	30.24
675	39.20	39.70	42.51	41.49	38.38	43.86	45.32	30.25
676	39.21	39.71	42.52	41.49	38.38	43.86	45.32	30.26
677	39.21	39.72	42.53	41.50	38.39	43.87	45.33	30.27
678	39.22	39.73	42.53	41.51	38.40	43.88	45.34	30.27
679	39.23	39.74	42.54	41.51	38.40	43.88	45.34	30.28
680	39.23	39.74	42.55	41.51	38.41	43.89	45.35	30.29
681	39.24	39.76	42.56	41.52	38.42	43.90	45.35	30.29
682	39.25	39.76	42.57	41.53	38.43	43.90	45.36	30.30
683	39.25	39.77	42.57	41.54	38.44	43.91	45.37	30.31
684	39.26	39.78	42.58	41.54	38.44	43.92	45.37	30.32
685	39.26	39.79	42.59	41.55	38.45	43.92	45.38	30.32
686	39.27	39.80	42.60	41.56	38.46	43.93	45.39	30.33
687	39.28	39.81	42.60	41.57	38.47	43.94	45.40	30.34
688	39.28	39.82	42.61	41.57	38.48	43.95	45.40	30.35
689	39.29	39.83	42.62	41.58	38.48	43.95	45.41	30.36
690	39.30	39.84	42.63	41.58	38.49	43.96	45.42	30.36
691	39.31	39.84	42.64	41.59	38.50	43.97	45.42	30.37
692	39.31	39.85	42.64	41.60	38.50	43.97	45.43	30.38
693	39.32	39.86	42.65	41.60	38.51	43.98	45.43	30.39
694	39.32	39.87	42.66	41.61	38.52	43.99	45.44	30.40
695	39.33	39.88	42.67	41.62	38.52	43.99	45.44	30.40
696	39.34	39.89	42.68	41.62	38.53	44.00	45.45	30.41
697	39.34	39.90	42.68	41.63	38.54	44.01	45.46	30.42
698	39.35	39.91	42.69	41.64	38.54	44.01	45.46	30.43
699	39.36	39.91	42.70	41.64	38.55	44.02	45.47	30.44
700	39.36	39.92	42.71	41.65	38.56	44.03	45.48	30.44
701	39.37	39.93	42.72	41.66	38.57	44.03	45.48	30.45
702	39.38	39.94	42.72	41.67	38.57	44.04	45.49	30.46
703	39.38	39.95	42.73	41.67	38.58	44.05	45.49	30.46
704	39.39	39.95	42.74	41.67	38.59	44.06	45.50	30.47
705	39.40	39.97	42.75	41.68	38.59	44.06	45.51	30.48
706	39.40	39.98	42.75	41.69	38.61	44.07	45.51	30.49
707	39.41	39.99	42.76	41.70	38.61	44.07	45.52	30.49
708	39.42	39.99	42.77	41.70	38.62	44.08	45.53	30.50
709	39.43	40.00	42.78	41.71	38.62	44.09	45.53	30.50
710	39.43	40.01	42.78	41.71	38.63	44.09	45.54	30.51
711	39.43	40.02	42.79	41.72	38.64	44.10	45.55	30.52
712	39.44	40.03	42.80	41.72	38.65	44.11	45.55	30.53
713	39.45	40.03	42.81	41.73	38.65	44.11	45.55	30.54
714	39.45	40.04	42.82	41.74	38.66	44.12	45.57	30.54
715	39.46	40.05	42.82	41.75	38.67	44.13	45.57	30.55
716	39.46	40.06	42.83	41.75	38.68	44.13	45.58	30.56
717	39.47	40.06	42.83	41.76	38.68	44.14	45.58	30.57
718	39.48	40.08	42.84	41.76	38.69	44.15	45.59	30.57
719	39.49	40.09	42.85	41.77	38.69	44.15	45.59	30.58
720	39.50	40.09	42.86	41.78	38.70	44.16	45.60	30.59
721	39.50	40.10	42.87	41.78	38.70	44.16	45.60	30.60
722	39.51	40.11	42.87	41.79	38.71	44.17	45.61	30.60
723	39.51	40.12	42.88	41.80	38.72	44.18	45.62	30.61
724	39.52	40.13	42.89	41.80	38.72	44.18	45.62	30.62
725	39.52	40.13	42.90	41.81	38.73	44.19	45.63	30.62
726	39.53	40.14	42.90	41.81	38.74	44.20	45.64	30.63
727	39.53	40.16	42.91	41.82	38.75	44.20	45.64	30.64
728	39.54	40.16	42.92	41.83	38.75	44.21	45.65	30.65
729	39.54	40.17	42.93	41.84	38.76	44.22	45.65	30.65
730	39.55	40.18	42.94	41.84	38.77	44.22	45.66	30.66
731	39.56	40.19	42.94	41.84	38.77	44.23	45.67	30.67
732	39.57	40.20	42.95	41.85	38.78	44.24	45.67	30.68
733	39.57	40.21	42.96	41.86	38.79	44.24	45.68	30.68
734	39.58	40.21	42.97	41.87	38.80	44.25	45.69	30.70
735	39.58	40.22	42.97	41.87	38.80	44.25	45.69	30.70
736	39.59	40.23	42.98	41.88	38.80	44.26	45.70	30.71
737	39.60	40.24	42.99	41.88	38.81	44.27	45.70	30.72
738	39.60	40.24	42.99	41.89	38.82	44.27	45.71	30.73
739	39.61	40.25	43.00	41.89	38.83	44.28	45.71	30.73
740	39.61	40.26	43.01	41.90	38.84	44.28	45.72	30.74
741	39.62	40.27	43.02	41.91	38.84	44.29	45.72	30.74
742	39.63	40.28	43.02	41.92	38.85	44.30	45.73	30.75
743	39.63	40.29	43.03	41.92	38.85	44.30	45.74	30.76
744	39.64	40.29	43.04	41.92	38.86	44.31	45.74	30.77
745	39.64	40.31	43.05	41.93	38.87	44.32	45.75	30.77
746	39.65	40.31	43.05	41.94	38.87	44.32	45.76	30.78
747	39.66	40.31	43.06	41.95	38.88	44.32	45.76	30.79
748	39.66	40.32	43.06	41.95	38.89	44.32	45.77	30.79
749	39.67	40.33	43.07	41.96	38.89	44.33	45.77	30.80
750	39.68	40.34	43.08	41.97	38.90	44.33	45.77	30.80
751	39.68	40.35	43.09	41.97	38.91	44.34	45.78	30.82
752	39.69	40.36	43.10	41.98	38.91	44.34	45.78	30.82
753	39.69	40.37	43.11	41.98	38.92	44.35	45.79	30.83
754	39.70	40.37	43.11	41.99	38.93	44.36	45.80	30.84
755	39.71	40.38	43.12	41.99	38.93	44.37	45.80	30.84
756	39.72	40.39	43.13	42.00	38.94	44.37	45.81	30.85
757	39.72	40.40	43.14	42.01	38.95	44.38	45.82	30.86
758	39.72	40.41	43.14	42.02	38.96	44.39	45.82	30.86
759	39.73	40.42	43.15	42.02	38.96	44.39	45.83	30.87
760	39.73	40.43	43.16	42.03	38.97	44.40	45.83	30.88
761	39.74	40.44	43.16	42.03	38.97	44.41	45.84	30.89
762	39.75	40.44	43.17	42.04	38.98	44.41	45.85	30.89
763	39.75	40.45	43.18	42.05	38.98	44.42	45.85	30.91
764	39.76	40.45	43.19	42.05	38.99	44.42	45.86	30.90
765	39.77	40.46	43.19	42.06	39.00	44.43	45.86	30.92
766	39.77	40.47	43.20	42.06	39.00	44.44	45.87	30.92
767	39.78	40.48	43.21	42.07	39.01	44.44	45.88	30.93
768	39.79	40.49	43.22	42.08	39.02	44.45	45.88	30.93
769	39.79	40.50	43.22	42.08	39.02	44.46	45.89	30.94
770	39.80	40.50	43.23	42.09	39.03	44.46	45.89	30.95
771	39.80	40.51	43.24	42.09	39.04	44.47	45.90	30.96
772	39.81	40.52	43.24	42.10	39.05	44.47	45.90	30.96
773	39.81	40.53	43.25	42.11	39.05	44.48	45.91	30.97
774	39.82	40.54	43.26	42.11	39.06	44.49	45.91	30.98
775	39.83	40.54	43.26	42.12	39.06	44.49	45.92	30.99
776	39.84	40.55	43.27	42.13	39.08	44.50	45.93	30.99
777	39.84	40.56	43.28	42.13	39.08	44.50	45.93	31.00
778	39.85	40.57	43.29	42.14	39.08	44.51	45.94	31.01
779	39.85	40.57	43.29	42.14	39.09	44.52	45.94	31.01
780	39.86	40.59	43.30	42.15	39.10	44.52	45.95	31.02
781	39.87	40.59	43.31	42.15	39.10	44.53	45.95	31.03
782	39.87	40.60	43.31	42.16	39.11	44.54	45.96	31.03
783	39.88	40.61	43.32	42.17	39.12	44.54	45.96	31.05
784	39.88	40.61	43.33	42.18	39.12	44.55	45.97	31.05
785	39.89	40.63	43.34	42.18	39.13	44.56	45.98	31.06
786	39.89	40.63	43.35	42.18	39.14	44.56	45.99	31.07
787	39.90	40.64	43.35	42.19	39.14	44.57	45.99	31.07
788	39.90	40.65	43.36	42.20	39.15	44.57	46.00	31.08
789	39.91	40.66	43.36	42.20	39.15	44.58	46.00	31.09
790	39.92	40.66	43.37	42.21	39.16	44.59	46.01	31.10
791	39.92	40.67	43.38	42.21	39.17	44.59	46.01	31.10
792	39.93	40.68	43.39	42.23	39.17	44.60	46.01	31.10
793	39.94	40.69	43.39	42.23	39.18	44.60	46.03	31.12
794	39.94	40.69	43.40	42.23	39.19	44.61	46.03	31.12
795	39.95	40.70	43.40	42.24	39.20	44.62	46.03	31.13
796	39.95	40.71	43.41	42.24	39.20	44.63	46.04	31.13
797	39.96	40.71	43.42	42.25	39.21	44.63	46.05	31.14
798	39.96	40.72	43.43	42.26	39.21	44.63	46.05	31.15
799	39.97	40.73	43.43	42.26	39.22	44.64	46.06	31.16
800	39.98	40.74	43.44	42.27	39.23	44.65	46.06	31.16
801	39.98	40.74	43.45	42.27	39.23	44.65	46.07	31.16
802	39.99	40.75	43.45	42.28	39.24	44.66	46.08	31.17
803	40.00	40.76	43.46	42.28	39.25	44.66	46.08	31.18
804	40.00	40.77	43.47	42.29	39.25	44.67	46.09	31.18
805	40.01	40.78	43.47	42.29	39.26	44.68	46.09	31.19
806	40.02	40.78	43.48	42.30	39.26	44.68	46.10	31.20
807	40.02	40.79	43.49	42.31	39.27	44.69	46.10	31.21
808	40.03	40.80	43.49	42.31	39.28	44.69	46.11	31.22
809	40.03	40.80	43.50	42.32	39.28	44.70	46.11	31.22
810	40.04	40.81	43.51	42.33	39.29	44.70	46.12	31.23
811	40.04	40.82	43.52	42.33	39.30	44.71	46.12	31.24
812	40.05	40.82	43.52	42.33	39.30	44.72	46.13	31.25
813	40.06	40.83	43.53	42.34	39.31	44.73	46.14	31.25
814	40.06	40.84	43.53	42.35	39.31	44.73	46.14	31.26
815	40.07	40.85	43.54	42.36	39.32	44.74	46.15	31.27
816	40.07	40.86	43.55	42.36	39.33	44.75	46.16	31.27
817	40.08	40.86	43.56	42.36	39.34	44.75	46.16	31.27
818	40.08	40.87	43.56	42.37	39.34	44.76	46.17	31.29
819	40.09	40.87	43.57	42.38	39.35	44.76	46.17	31.29
820	40.10	40.88	43.57	42.38	39.35	44.77	46.18	31.30
821	40.10	40.89	43.58	42.39	39.36	44.78	46.18	31.30
822	40.11	40.90	43.59	42.40	39.37	44.78	46.19	31.31
823	40.12	40.91	43.59	42.40	39.37	44.78	46.20	31.32
824	40.12	40.92	43.60	42.41	39.38	44.79	46.20	31.33
825	40.13	40.92	43.61	42.41	39.39	44.80	46.21	31.33
826	40.13	40.93	43.61	42.41	39.39	44.80	46.21	31.34
827	40.14	40.94	43.62	42.43	39.40	44.81	46.22	31.34
828	40.15	40.95	43.63	42.43	39.40	44.82	46.22	31.35
829	40.15	40.95	43.63	42.43	39.41	44.82	46.23	31.36
830	40.16	40.96	43.64	42.44	39.41	44.82	46.24	31.36
831	40.16	40.97	43.65	42.45	39.42	44.83	46.24	31.37
832	40.17	40.98	43.65	42.45	39.43	44.84	46.24	31.38
833	40.17	40.98	43.66	42.46	39.43	44.84	46.25	31.39
834	40.18	40.99	43.67	42.46	39.44	44.85	46.26	31.40
835	40.19	41.00	43.68	42.47	39.45	44.86	46.27	31.40
836	40.19	41.00	43.68	42.47	39.45	44.86	46.27	31.41
837	40.20	41.01	43.69	42.47	39.46	44.87	46.27	31.41
838	40.21	41.02	43.69	42.49	39.47	44.87	46.28	31.42
839	40.21	41.02	43.70	42.49	39.47	44.88	46.28	31.43
840	40.21	41.03	43.71	42.50	39.48	44.89	46.29	31.43
841	40.22	41.04	43.72	42.50	39.48	44.89	46.30	31.44
842	40.23	41.05	43.72	42.51	39.49	44.90	46.30	31.45
843	40.23	41.05	43.73	42.51	39.50	44.90	46.31	31.46
844	40.24	41.06	43.73	42.52	39.50	44.91	46.31	31.46
845	40.24	41.06	43.74	42.52	39.51	44.91	46.32	31.47
846	40.25	41.07	43.75	42.53	39.51	44.92	46.33	31.48
847	40.26	41.08	43.76	42.54	39.52	44.93	46.33	31.48
848	40.26	41.09	43.76	42.54	39.52	44.93	46.34	31.49
849	40.27	41.09	43.77	42.55	39.53	44.94	46.34	31.50
850	40.27	41.10	43.77	42.55	39.53	44.95	46.35	31.50
851	40.28	41.11	43.78	42.56	39.54	44.95	46.36	31.51
852	40.29	41.11	43.79	42.56	39.55	44.95	46.36	31.51
853	40.29	41.12	43.79	42.57	39.55	44.96	46.36	31.52
854	40.30	41.13	43.80	42.57	39.56	44.97	46.37	31.53
855	40.31	41.13	43.81	42.58	39.56	44.97	46.38	31.54
856	40.31	41.14	43.81	42.59	39.57	44.98	46.38	31.54
857	40.31	41.15	43.82	42.59	39.57	44.98	46.39	31.55
858	40.32	41.16	43.82	42.60	39.58	44.99	46.40	31.55
859	40.33	41.17	43.83	42.60	39.59	44.99	46.40	31.56
860	40.33	41.17	43.83	42.61	39.60	45.00	46.41	31.57
861	40.34	41.18	43.84	42.61	39.60	45.00	46.41	31.57
862	40.34	41.18	43.85	42.62	39.60	45.01	46.42	31.58
863	40.35	41.19	43.86	42.63	39.61	45.02	46.42	31.59
864	40.36	41.19	43.86	42.63	39.62	45.02	46.43	31.59
865	40.36	41.21	43.87	42.64	39.62	45.03	46.43	31.60
866	40.36	41.21	43.88	42.64	39.63	45.03	46.44	31.61
867	40.38	41.21	43.88	42.65	39.63	45.04	46.45	31.61
868	40.37	41.23	43.89	42.65	39.64	45.04	46.45	31.62
869	40.39	41.23	43.90	42.66	39.65	45.05	46.45	31.63
870	40.39	41.24	43.90	42.66	39.65	45.06	46.46	31.63
871	40.39	41.24	43.91	42.67	39.66	45.06	46.46	31.64
872	40.40	41.25	43.92	42.67	39.66	45.07	46.47	31.65
873	40.40	41.26	43.92	42.68	39.67	45.07	46.48	31.65
874	40.41	41.26	43.93	42.68	39.67	45.08	46.48	31.66
875	40.42	41.27	43.94	42.69	39.68	45.09	46.49	31.67
876	40.42	41.28	43.94	42.70	39.69	45.09	46.49	31.67
877	40.42	41.29	43.95	42.70	39.69	45.10	46.50	31.68
878	40.43	41.29	43.95	42.71	39.70	45.10	46.50	31.69
879	40.44	41.30	43.96	42.71	39.70	45.10	46.51	31.69
880	40.44	41.31	43.97	42.72	39.71	45.11	46.52	31.70
881	40.45	41.32	43.97	42.72	39.71	45.11	46.52	31.70
882	40.46	41.32	43.98	42.73	39.72	45.12	46.53	31.72
883	40.46	41.33	43.99	42.73	39.72	45.13	46.53	31.72
884	40.46	41.34	43.99	42.74	39.73	45.14	46.54	31.73
885	40.47	41.34	44.00	42.75	39.73	45.14	46.54	31.73
886	40.48	41.35	44.00	42.75	39.74	45.15	46.55	31.74
887	40.48	41.35	44.01	42.76	39.75	45.15	46.55	31.75
888	40.48	41.36	44.02	42.76	39.75	45.16	46.56	31.75
889	40.49	41.37	44.02	42.77	39.76	45.16	46.56	31.76
890	40.50	41.38	44.03	42.77	39.76	45.17	46.57	31.76
891	40.51	41.38	44.04	42.78	39.77	45.17	46.57	31.77
892	40.51	41.39	44.05	42.78	39.77	45.18	46.58	31.78
893	40.52	41.40	44.05	42.79	39.78	45.19	46.58	31.78
894	40.52	41.40	44.06	42.79	39.78	45.19	46.59	31.79
895	40.52	41.41	44.06	42.80	39.79	45.19	46.60	31.80
896	40.53	41.42	44.07	42.81	39.80	45.20	46.61	31.80
897	40.54	41.42	44.08	42.81	39.80	45.20	46.61	31.81
898	40.54	41.43	44.09	42.82	39.81	45.21	46.61	31.81
899	40.55	41.44	44.09	42.82	39.82	45.22	46.61	31.82
900	40.56	41.44	44.10	42.83	39.82	45.22	46.62	31.83
901	40.56	41.45	44.10	42.84	39.83	45.23	46.63	31.84
902	40.56	41.46	44.11	42.84	39.83	45.23	46.63	31.84
903	40.57	41.46	44.11	42.84	39.84	45.24	46.63	31.84
904	40.58	41.47	44.12	42.85	39.84	45.24	46.64	31.85
905	40.58	41.48	44.13	42.86	39.85	45.25	46.64	31.86
906	40.59	41.49	44.14	42.86	39.86	45.25	46.65	31.86
907	40.59	41.49	44.14	42.87	39.86	45.26	46.65	31.87
908	40.60	41.50	44.15	42.87	39.87	45.26	46.66	31.88
909	40.60	41.51	44.15	42.88	39.87	45.26	46.67	31.88
910	40.61	41.52	44.16	42.88	39.87	45.27	46.66	31.89
911	40.61	41.52	44.17	42.89	39.88	45.27	46.67	31.89
912	40.61	41.53	44.17	42.89	39.88	45.28	46.68	31.90
913	40.62	41.54	44.18	42.90	39.89	45.28	46.68	31.90
914	40.63	41.54	44.19	42.90	39.90	45.29	46.69	31.91
915	40.63	41.55	44.19	42.91	39.91	45.30	46.69	31.92
916	40.64	41.55	44.20	42.92	39.91	45.30	46.70	31.92
917	40.65	41.56	44.20	42.92	39.92	45.30	46.70	31.93
918	40.65	41.57	44.21	42.93	39.92	45.31	46.71	31.94
919	40.66	41.58	44.21	42.94	39.93	45.32	46.72	31.94
920	40.66	41.58	44.22	42.94	39.93	45.32	46.72	31.95
921	40.67	41.59	44.23	42.95	39.94	45.33	46.73	31.96
922	40.68	41.59	44.23	42.95	39.95	45.34	46.73	31.96
923	40.68	41.60	44.24	42.96	39.95	45.34	46.74	31.97
924	40.69	41.61	44.25	42.97	39.96	45.35	46.74	31.98
925	40.69	41.61	44.26	42.97	39.97	45.35	46.75	31.98
926	40.70	41.62	44.26	42.98	39.97	45.36	46.76	31.99
927	40.71	41.63	44.27	42.98	39.98	45.36	46.76	32.00
928	40.71	41.63	44.27	42.99	39.98	45.37	46.76	32.00
929	40.71	41.64	44.28	42.99	39.99	45.37	46.77	32.01
930	40.72	41.64	44.28	43.00	39.99	45.38	46.78	32.02
931	40.72	41.65	44.29	43.00	40.00	45.38	46.78	32.02
932	40.73	41.66	44.29	43.01	40.01	45.39	46.79	32.03
933	40.73	41.67	44.30	43.01	40.01	45.40	46.80	32.03
934	40.74	41.67	44.31	43.02	40.02	45.40	46.80	32.04
935	40.75	41.68	44.31	43.02	40.03	45.41	46.80	32.05
936	40.75	41.69	44.32	43.03	40.03	45.41	46.81	32.05
937	40.76	41.69	44.33	43.03	40.03	45.42	46.81	32.06
938	40.76	41.70	44.33	43.04	40.04	45.42	46.82	32.06
939	40.77	41.70	44.34	43.04	40.05	45.43	46.82	32.07
940	40.77	41.71	44.35	43.05	40.05	45.43	46.83	32.08
941	40.78	41.72	44.35	43.06	40.05	45.44	46.83	32.09
942	40.79	41.72	44.36	43.06	40.06	45.45	46.84	32.09
943	40.79	41.73	44.36	43.07	40.07	45.45	46.84	32.10
944	40.80	41.73	44.37	43.07	40.07	45.45	46.85	32.10
945	40.80	41.74	44.38	43.07	40.07	45.45	46.85	32.11
946	40.81	41.75	44.38	43.08	40.08	45.47	46.86	32.11
947	40.80	41.76	44.39	43.09	40.09	45.47	46.86	32.12
948	40.82	41.76	44.39	43.09	40.09	45.47	46.86	32.12
949	40.82	41.76	44.40	43.10	40.10	45.48	46.87	32.13
950	40.83	41.77	44.40	43.11	40.11	45.48	46.87	32.14
951	40.83	41.78	44.41	43.11	40.11	45.48	46.88	32.15
952	40.85	41.78	44.42	43.11	40.12	45.49	46.89	32.15
953	40.84	41.79	44.42	43.12	40.12	45.50	46.89	32.16
954	40.85	41.80	44.43	43.13	40.13	45.50	46.90	32.16
955	40.86	41.80	44.43	43.13	40.14	45.51	46.90	32.17
956	40.86	41.81	44.44	43.14	40.14	45.52	46.91	32.18
957	40.87	41.82	44.45	43.14	40.15	45.52	46.91	32.19
958	40.87	41.82	44.45	43.15	40.15	45.53	46.92	32.19
959	40.88	41.83	44.46	43.15	40.16	45.53	46.92	32.20
960	40.89	41.84	44.46	43.16	40.16	45.54	46.93	32.21
961	40.89	41.84	44.47	43.17	40.17	45.54	46.93	32.21
962	40.90	41.85	44.48	43.17	40.18	45.55	46.94	32.21
963	40.90	41.85	44.48	43.17	40.18	45.55	46.95	32.23
964	40.91	41.86	44.49	43.18	40.19	45.56	46.95	32.23
965	40.92	41.87	44.50	43.19	40.19	45.57	46.96	32.24
966	40.92	41.87	44.50	43.19	40.19	45.57	46.96	32.24
967	40.92	41.88	44.51	43.20	40.20	45.58	46.97	32.25
968	40.93	41.89	44.52	43.20	40.20	45.58	46.98	32.26
969	40.94	41.89	44.52	43.21	40.21	45.59	46.98	32.26
970	40.94	41.90	44.52	43.21	40.22	45.59	46.98	32.27
971	40.95	41.90	44.53	43.22	40.22	45.60	46.99	32.27
972	40.95	41.91	44.53	43.22	40.23	45.60	47.00	32.28
973	40.96	41.92	44.55	43.23	40.23	45.61	47.00	32.28
974	40.96	41.93	44.55	43.24	40.24	45.62	47.00	32.29
975	40.97	41.93	44.55	43.24	40.24	45.62	47.01	32.30
976	40.98	41.94	44.57	43.25	40.25	45.63	47.02	32.30
977	40.98	41.94	44.57	43.25	40.25	45.63	47.03	32.31
978	40.99	41.95	44.58	43.26	40.26	45.64	47.03	32.32
979	40.99	41.95	44.58	43.26	40.26	45.64	47.03	32.32
980	41.00	41.96	44.59	43.27	40.27	45.65	47.04	32.33
981	41.00	41.97	44.59	43.27	40.27	45.65	47.04	32.34
982	41.01	41.97	44.60	43.28	40.28	45.66	47.05	32.34
983	41.02	41.98	44.60	43.28	40.29	45.66	47.05	32.35
984	41.02	41.98	44.61	43.29	40.29	45.67	47.06	32.36
985	41.03	41.99	44.62	43.30	40.30	45.67	47.06	32.36
986	41.03	42.00	44.62	43.30	40.30	45.68	47.07	32.37
987	41.04	42.00	44.63	43.31	40.31	45.68	47.07	32.37
988	41.04	42.01	44.63	43.31	40.32	45.69	47.08	32.38
989	41.04	42.02	44.64	43.32	40.32	45.69	47.08	32.38
990	41.05	42.02	44.65	43.32	40.32	45.70	47.09	32.39
991	41.06	42.03	44.65	43.33	40.33	45.70	47.09	32.39
992	41.06	42.04	44.66	43.33	40.33	45.71	47.10	32.40
993	41.07	42.04	44.66	43.34	40.34	45.71	47.10	32.41
994	41.08	42.04	44.67	43.34	40.34	45.72	47.11	32.42
995	41.08	42.06	44.68	43.35	40.35	45.73	47.11	32.43
996	41.09	42.06	44.67	43.35	40.36	45.73	47.12	32.43
997	41.09	42.06	44.68	43.36	40.36	45.74	47.12	32.43
998	41.10	42.07	44.69	43.36	40.37	45.74	47.13	32.44
999	41.10	42.08	44.70	43.37	40.37	45.74	47.14	32.44
1000	41.11	42.09	44.70	43.37	40.37	45.75	47.14	32.45
1001	41.11	42.09	44.71	43.38	40.38	45.76	47.15	32.46
1002	41.11	42.10	44.71	43.38	40.39	45.76	47.15	32.46
1003	41.12	42.10	44.72	43.39	40.39	45.77	47.15	32.47
1004	41.13	42.11	44.73	43.39	40.40	45.77	47.16	32.47
1005	41.13	42.11	44.73	43.40	40.41	45.78	47.17	32.48
1006	41.14	42.12	44.74	43.40	40.41	45.78	47.17	32.49
1007	41.14	42.13	44.75	43.41	40.41	45.79	47.17	32.49
1008	41.15	42.13	44.75	43.41	40.42	45.79	47.18	32.50
1009	41.16	42.14	44.75	43.42	40.43	45.80	47.18	32.51
1010	41.16	42.14	44.76	43.42	40.43	45.80	47.19	32.51
1011	41.17	42.16	44.77	43.43	40.43	45.81	47.20	32.52
1012	41.17	42.16	44.77	43.44	40.44	45.81	47.20	32.52
1013	41.18	42.16	44.78	43.44	40.44	45.82	47.21	32.53
1014	41.19	42.17	44.78	43.44	40.45	45.82	47.21	32.54
1015	41.19	42.18	44.79	43.45	40.45	45.83	47.22	32.54
1016	41.19	42.18	44.80	43.45	40.46	45.84	47.22	32.55
1017	41.20	42.19	44.80	43.46	40.46	45.84	47.23	32.56
1018	41.20	42.19	44.81	43.47	40.46	45.84	47.23	32.56
1019	41.21	42.20	44.82	43.47	40.47	45.85	47.24	32.57
1020	41.22	42.21	44.82	43.47	40.48	45.85	47.24	32.57
1021	41.22	42.21	44.82	43.48	40.49	45.86	47.25	32.58
1022	41.23	42.22	44.83	43.49	40.49	45.86	47.25	32.58
1023	41.23	42.23	44.84	43.49	40.49	45.87	47.26	32.59
1024	41.24	42.23	44.84	43.49	40.50	45.87	47.26	32.59
1025	41.24	42.24	44.85	43.50	40.51	45.88	47.27	32.60
1026	41.25	42.24	44.85	43.50	40.51	45.88	47.27	32.61
1027	41.25	42.25	44.86	43.51	40.52	45.89	47.27	32.61
1028	41.26	42.26	44.86	43.52	40.52	45.89	47.28	32.62
1029	41.27	42.26	44.87	43.52	40.53	45.90	47.28	32.63
1030	41.27	42.27	44.87	43.52	40.53	45.91	47.29	32.63
1031	41.28	42.27	44.88	43.53	40.53	45.91	47.29	32.64
1032	41.28	42.27	44.89	43.54	40.54	45.91	47.30	32.64
1033	41.29	42.28	44.89	43.54	40.55	45.92	47.30	32.65
1034	41.29	42.29	44.89	43.54	40.56	45.92	47.31	32.66
1035	41.29	42.29	44.90	43.55	40.56	45.93	47.31	32.66
1036	41.30	42.30	44.91	43.55	40.57	45.93	47.32	32.66
1037	41.31	42.31	44.91	43.56	40.57	45.94	47.33	32.67
1038	41.31	42.31	44.92	43.57	40.58	45.95	47.33	32.68
1039	41.32	42.32	44.93	43.57	40.58	45.95	47.34	32.68
1040	41.32	42.32	44.93	43.57	40.59	45.96	47.34	32.69
1041	41.33	42.33	44.94	43.58	40.59	45.96	47.35	32.69
1042	41.33	42.33	44.94	43.58	40.60	45.97	47.35	32.71
1043	41.34	42.34	44.95	43.59	40.61	45.97	47.35	32.70
1044	41.34	42.35	44.95	43.59	40.61	45.98	47.36	32.72
1045	41.34	42.36	44.96	43.60	40.62	45.98	47.36	32.72
1046	41.36	42.36	44.96	43.60	40.62	45.98	47.37	32.72
1047	41.36	42.36	44.97	43.61	40.63	45.99	47.37	32.73
1048	41.36	42.37	44.98	43.61	40.63	45.99	47.38	32.73
1049	41.37	42.37	44.98	43.62	40.64	46.00	47.39	32.74
1050	41.38	42.38	44.98	43.62	40.64	46.00	47.39	32.75
1051	41.38	42.39	44.99	43.63	40.65	46.01	47.39	32.76
1052	41.39	42.39	44.99	43.63	40.65	46.02	47.40	32.76
1053	41.39	42.40	45.00	43.64	40.65	46.02	47.40	32.77
1054	41.40	42.40	45.00	43.64	40.66	46.03	47.41	32.77
1055	41.40	42.41	45.01	43.64	40.66	46.03	47.41	32.78
1056	41.41	42.42	45.02	43.65	40.67	46.04	47.42	32.78
1057	41.41	42.42	45.02	43.66	40.68	46.04	47.42	32.79
1058	41.42	42.43	45.03	43.66	40.68	46.05	47.43	32.79
1059	41.43	42.43	45.03	43.67	40.69	46.05	47.44	32.80
1060	41.43	42.44	45.03	43.67	40.70	46.06	47.44	32.81
1061	41.44	42.45	45.04	43.68	40.70	46.06	47.44	32.81
1062	41.44	42.45	45.05	43.68	40.70	46.06	47.45	32.82
1063	41.44	42.45	45.06	43.69	40.71	46.07	47.45	32.83
1064	41.45	42.46	45.06	43.69	40.71	46.07	47.46	32.83
1065	41.46	42.47	45.07	43.70	40.72	46.08	47.46	32.83
1066	41.46	42.47	45.07	43.70	40.72	46.08	47.47	32.85
1067	41.47	42.48	45.08	43.71	40.73	46.09	47.47	32.85
1068	41.47	42.48	45.08	43.71	40.73	46.09	47.48	32.85
1069	41.48	42.49	45.09	43.72	40.74	46.10	47.48	32.86
1070	41.48	42.49	45.09	43.72	40.74	46.10	47.49	32.86
1071	41.49	42.50	45.10	43.72	40.75	46.11	47.49	32.88
1072	41.49	42.51	45.10	43.73	40.75	46.12	47.50	32.88
1073	41.50	42.51	45.11	43.73	40.76	46.12	47.50	32.88
1074	41.50	42.52	45.11	43.74	40.77	46.13	47.50	32.89
1075	41.51	42.52	45.12	43.74	40.77	46.13	47.51	32.89
1076	41.51	42.53	45.12	43.75	40.78	46.14	47.51	32.90
1077	41.52	42.53	45.13	43.75	40.78	46.14	47.52	32.91
1078	41.53	42.54	45.13	43.76	40.78	46.14	47.53	32.91
1079	41.53	42.55	45.14	43.77	40.79	46.15	47.53	32.92
1080	41.53	42.55	45.15	43.77	40.79	46.15	47.54	32.92
1081	41.54	42.57	45.15	43.77	40.80	46.16	47.54	32.93
1082	41.54	42.56	45.16	43.78	40.80	46.16	47.54	32.94
1083	41.55	42.56	45.16	43.79	40.81	46.17	47.55	32.94
1084	41.56	42.57	45.17	43.79	40.81	46.17	47.56	32.95
1085	41.56	42.58	45.17	43.79	40.82	46.18	47.56	32.96
1086	41.57	42.59	45.18	43.80	40.82	46.18	47.56	32.96
1087	41.57	42.59	45.18	43.80	40.83	46.19	47.57	32.96
1088	41.58	42.60	45.19	43.81	40.83	46.20	47.57	32.97
1089	41.58	42.60	45.19	43.81	40.84	46.20	47.58	32.98
1090	41.59	42.61	45.20	43.82	40.84	46.20	47.58	32.99
1091	41.60	42.61	45.21	43.82	40.84	46.21	47.59	32.99
1092	41.60	42.62	45.21	43.83	40.85	46.21	47.59	32.99
1093	41.60	42.62	45.22	43.83	40.86	46.22	47.60	33.00
1094	41.61	42.63	45.22	43.84	40.86	46.22	47.60	33.01
1095	41.61	42.64	45.23	43.84	40.87	46.23	47.61	33.01
1096	41.62	42.64	45.23	43.85	40.87	46.23	47.61	33.02
1097	41.62	42.65	45.24	43.85	40.88	46.24	47.62	33.02
1098	41.63	42.65	45.24	43.86	40.88	46.24	47.62	33.03
1099	41.63	42.66	45.24	43.86	40.89	46.25	47.63	33.03
1100	41.64	42.66	45.26	43.86	40.89	46.25	47.63	33.04
1101	41.64	42.67	45.26	43.87	40.90	46.26	47.63	33.05
1102	41.65	42.67	45.26	43.87	40.90	46.26	47.64	33.05
1103	41.66	42.67	45.27	43.88	40.91	46.26	47.64	33.05
1104	41.65	42.68	45.28	43.88	40.91	46.27	47.65	33.06
1105	41.67	42.69	45.28	43.89	40.91	46.27	47.65	33.07
1106	41.67	42.69	45.29	43.89	40.92	46.28	47.66	33.07
1107	41.68	42.70	45.29	43.90	40.93	46.28	47.66	33.08
1108	41.68	42.71	45.29	43.90	40.93	46.29	47.67	33.09
1109	41.68	42.71	45.30	43.91	40.93	46.29	47.67	33.09
1110	41.69	42.72	45.30	43.91	40.94	46.30	47.68	33.09
1111	41.70	42.72	45.31	43.91	40.95	46.30	47.69	33.10
1112	41.70	42.73	45.31	43.92	40.95	46.31	47.69	33.11
1113	41.71	42.74	45.32	43.92	40.96	46.31	47.69	33.11
1114	41.71	42.74	45.33	43.93	40.96	46.31	47.69	33.12
1115	41.72	42.74	45.33	43.94	40.97	46.32	47.70	33.13
1116	41.72	42.75	45.34	43.94	40.97	46.33	47.71	33.14
1117	41.73	42.76	45.34	43.94	40.97	46.33	47.71	33.14
1118	41.73	42.76	45.34	43.95	40.98	46.33	47.72	33.14
1119	41.74	42.77	45.35	43.95	40.99	46.34	47.72	33.15
1120	41.74	42.77	45.36	43.96	40.99	46.35	47.72	33.16
1121	41.75	42.78	45.36	43.97	41.00	46.35	47.73	33.16
1122	41.75	42.78	45.37	43.97	41.00	46.36	47.74	33.17
1123	41.76	42.79	45.37	43.97	41.00	46.36	47.74	33.17
1124	41.76	42.79	45.38	43.98	41.01	46.37	47.74	33.18
1125	41.77	42.80	45.39	43.98	41.01	46.37	47.75	33.18
1126	41.78	42.81	45.39	43.99	41.02	46.38	47.76	33.19
1127	41.78	42.81	45.39	43.99	41.02	46.38	47.76	33.19
1128	41.78	42.81	45.40	44.00	41.03	46.39	47.76	33.20
1129	41.79	42.82	45.40	44.00	41.04	46.39	47.77	33.20
1130	41.79	42.83	45.41	44.01	41.04	46.40	47.77	33.21
1131	41.80	42.83	45.41	44.01	41.04	46.40	47.78	33.22
1132	41.80	42.83	45.42	44.02	41.05	46.40	47.78	33.23
1133	41.81	42.84	45.42	44.02	41.05	46.41	47.79	33.23
1134	41.81	42.85	45.43	44.03	41.06	46.42	47.79	33.23
1135	41.81	42.85	45.44	44.04	41.06	46.42	47.79	33.24
1136	41.82	42.86	45.44	44.03	41.06	46.42	47.80	33.25
1137	41.82	42.86	45.44	44.04	41.06	46.43	47.81	33.24
1138	41.83	42.87	45.45	44.04	41.06	46.43	47.81	33.25
1139	41.82	42.88	45.46	44.04	41.06	46.44	47.82	33.25
1140	41.83	42.88	45.46	44.04	41.06	46.44	47.82	33.25
1141	41.83	42.88	45.47	44.05	41.07	46.45	47.82	33.26
1142	41.84	42.89	45.47	44.05	41.08	46.45	47.83	33.26
1143	41.84	42.90	45.48	44.06	41.09	46.46	47.84	33.27
1144	41.85	42.90	45.48	44.07	41.09	46.46	47.84	33.28
1145	41.86	42.91	45.49	44.08	41.10	46.47	47.85	33.28
1146	41.85	42.91	45.49	44.08	41.10	46.47	47.85	33.29
1147	41.87	42.92	45.50	44.08	41.11	46.48	47.86	33.30
1148	41.88	42.92	45.50	44.09	41.12	46.48	47.86	33.30
1149	41.88	42.93	45.51	44.09	41.12	46.49	47.86	33.31
1150	41.89	42.94	45.51	44.10	41.12	46.49	47.87	33.32
1151	41.89	42.94	45.52	44.10	41.13	46.50	47.87	33.32
1152	41.90	42.94	45.52	44.11	41.13	46.50	47.88	33.33
1153	41.90	42.95	45.53	44.12	41.14	46.51	47.88	33.33
1154	41.91	42.96	45.53	44.12	41.15	46.52	47.89	33.34
1155	41.91	42.97	45.54	44.12	41.15	46.52	47.89	33.35
1156	41.92	42.97	45.54	44.13	41.15	46.52	47.89	33.35
1157	41.92	42.97	45.55	44.13	41.16	46.52	47.90	33.36
1158	41.93	42.98	45.55	44.14	41.17	46.53	47.91	33.36
1159	41.94	42.98	45.56	44.14	41.17	46.53	47.91	33.37
1160	41.94	42.99	45.56	44.15	41.17	46.54	47.92	33.37
1161	41.94	43.00	45.57	44.16	41.18	46.55	47.92	33.38
1162	41.95	43.00	45.57	44.16	41.18	46.55	47.92	33.38
1163	41.96	43.00	45.58	44.16	41.18	46.55	47.93	33.39
1164	41.96	43.01	45.58	44.17	41.19	46.56	47.94	33.40
1165	41.97	43.01	45.59	44.17	41.20	46.56	47.94	33.40
1166	41.97	43.02	45.60	44.17	41.20	46.57	47.94	33.41
1167	41.98	43.03	45.60	44.18	41.20	46.58	47.95	33.42
1168	41.98	43.03	45.60	44.18	41.21	46.58	47.96	33.42
1169	41.99	43.04	45.61	44.19	41.22	46.58	47.96	33.42
1170	41.99	43.04	45.62	44.19	41.22	46.59	47.96	33.43
1171	41.99	43.05	45.62	44.20	41.22	46.59	47.97	33.43
1172	42.00	43.05	45.63	44.20	41.23	46.60	47.97	33.44
1173	42.00	43.06	45.63	44.21	41.23	46.60	47.98	33.45
1174	42.01	43.06	45.64	44.22	41.24	46.60	47.98	33.45
1175	42.02	43.07	45.64	44.22	41.24	46.61	47.98	33.46
1176	42.02	43.07	45.65	44.22	41.25	46.62	47.99	33.46
1177	42.03	43.08	45.65	44.23	41.25	46.61	48.00	33.47
1178	42.03	43.08	45.66	44.23	41.25	46.62	48.00	33.47
1179	42.04	43.09	45.66	44.23	41.26	46.63	48.00	33.48
1180	42.04	43.09	45.66	44.23	41.26	46.63	48.01	33.49
1181	42.04	43.10	45.67	44.24	41.27	46.63	48.01	33.49
1182	42.04	43.10	45.67	44.25	41.27	46.64	48.02	33.50
1183	42.06	43.11	45.68	44.25	41.28	46.65	48.02	33.50
1184	42.06	43.11	45.69	44.25	41.28	46.65	48.03	33.51
1185	42.06	43.12	45.69	44.26	41.29	46.65	48.03	33.51
1186	42.07	43.12	45.69	44.27	41.29	46.66	48.04	33.52
1187	42.08	43.13	45.70	44.27	41.30	46.66	48.04	33.52
1188	42.08	43.13	45.70	44.27	41.30	46.67	48.05	33.53
1189	42.09	43.14	45.71	44.28	41.30	46.67	48.05	33.54
1190	42.09	43.14	45.71	44.28	41.31	46.68	48.06	33.54
1191	42.10	43.15	45.72	44.29	41.32	46.68	48.06	33.55
1192	42.10	43.15	45.72	44.29	41.32	46.68	48.07	33.55
1193	42.10	43.16	45.73	44.30	41.33	46.69	48.07	33.56
1194	42.11	43.16	45.73	44.30	41.33	46.70	48.08	33.56
1195	42.12	43.17	45.74	44.30	41.34	46.70	48.08	33.57
1196	42.12	43.17	45.74	44.31	41.33	46.71	48.08	33.58
1197	42.13	43.18	45.75	44.31	41.34	46.71	48.09	33.58
1198	42.13	43.18	45.75	44.32	41.35	46.72	48.09	33.58
1199	42.14	43.19	45.76	44.32	41.35	46.72	48.10	33.59
1200	42.14	43.19	45.76	44.33	41.36	46.73	48.10	33.59
1201	42.15	43.20	45.77	44.33	41.36	46.73	48.11	33.60
1202	42.16	43.20	45.77	44.34	41.37	46.73	48.11	33.61
1203	42.16	43.21	45.78	44.34	41.37	46.74	48.12	33.61
1204	42.16	43.21	45.79	44.35	41.38	46.74	48.12	33.61
1205	42.17	43.22	45.79	44.35	41.38	46.75	48.12	33.62
1206	42.17	43.22	45.79	44.35	41.38	46.75	48.13	33.63
1207	42.17	43.23	45.80	44.36	41.39	46.76	48.13	33.63
1208	42.18	43.23	45.80	44.36	41.40	46.76	48.14	33.64
1209	42.19	43.24	45.81	44.37	41.40	46.77	48.14	33.64
1210	42.19	43.24	45.81	44.37	41.41	46.77	48.14	33.65
1211	42.20	43.24	45.82	44.37	41.41	46.78	48.15	33.65
1212	42.20	43.25	45.82	44.38	41.41	46.78	48.16	33.66
1213	42.21	43.26	45.83	44.38	41.42	46.79	48.16	33.67
1214	42.21	43.26	45.83	44.39	41.42	46.79	48.16	33.67
1215	42.21	43.27	45.84	44.39	41.43	46.79	48.17	33.68
1216	42.22	43.28	45.84	44.40	41.43	46.80	48.18	33.68
1217	42.23	43.28	45.85	44.40	41.43	46.80	48.18	33.69
1218	42.23	43.29	45.85	44.41	41.44	46.81	48.19	33.69
1219	42.24	43.29	45.86	44.41	41.44	46.81	48.19	33.69
1220	42.24	43.29	45.86	44.41	41.45	46.82	48.20	33.70
1221	42.24	43.30	45.87	44.42	41.45	46.82	48.20	33.71
1222	42.25	43.31	45.87	44.42	41.46	46.83	48.20	33.71
1223	42.25	43.31	45.88	44.43	41.46	46.83	48.21	33.72
1224	42.26	43.31	45.88	44.43	41.47	46.83	48.21	33.73
1225	42.26	43.32	45.89	44.44	41.47	46.84	48.21	33.72
1226	42.27	43.32	45.89	44.44	41.48	46.84	48.22	33.73
1227	42.27	43.33	45.90	44.45	41.48	46.85	48.23	33.74
1228	42.28	43.33	45.90	44.45	41.49	46.85	48.23	33.75
1229	42.28	43.34	45.90	44.45	41.49	46.86	48.24	33.75
1230	42.29	43.34	45.91	44.46	41.49	46.86	48.24	33.76
1231	42.29	43.36	45.91	44.46	41.50	46.87	48.24	33.76
1232	42.30	43.35	45.92	44.47	41.50	46.87	48.25	33.77
1233	42.30	43.36	45.92	44.47	41.51	46.87	48.25	33.77
1234	42.31	43.36	45.93	44.48	41.51	46.88	48.26	33.78
1235	42.31	43.36	45.93	44.48	41.52	46.88	48.26	33.78
1236	42.32	43.37	45.94	44.48	41.52	46.89	48.26	33.79
1237	42.32	43.38	45.94	44.49	41.53	46.89	48.27	33.79
1238	42.32	43.37	45.95	44.49	41.53	46.90	48.27	33.80
1239	42.33	43.39	45.96	44.50	41.53	46.90	48.28	33.80
1240	42.33	43.39	45.96	44.50	41.54	46.90	48.28	33.81
1241	42.34	43.40	45.96	44.51	41.54	46.91	48.29	33.81
1242	42.35	43.40	45.97	44.51	41.55	46.92	48.29	33.82
1243	42.35	43.41	45.97	44.52	41.55	46.92	48.29	33.82
1244	42.35	43.41	45.98	44.52	41.55	46.93	48.30	33.83
1245	42.36	43.41	45.98	44.53	41.56	46.93	48.31	33.83
1246	42.37	43.42	45.99	44.53	41.57	46.94	48.30	33.84
1247	42.37	43.43	45.99	44.54	41.57	46.94	48.31	33.84
1248	42.37	43.43	46.00	44.53	41.57	46.94	48.32	33.85
1249	42.37	43.44	46.00	44.54	41.58	46.94	48.32	33.85
1250	42.37	43.44	46.01	44.54	41.58	46.95	48.32	33.85
1251	42.38	43.44	46.01	44.55	41.58	46.95	48.33	33.86
1252	42.39	43.45	46.01	44.56	41.59	46.96	48.33	33.86
1253	42.39	43.45	46.02	44.56	41.60	46.96	48.33	33.87
1254	42.40	43.46	46.03	44.56	41.60	46.97	48.34	33.87
1255	42.40	43.46	46.03	44.56	41.60	46.97	48.34	33.88
1256	42.41	43.47	46.03	44.57	41.61	46.98	48.35	33.89
1257	42.41	43.48	46.04	44.58	41.61	46.98	48.36	33.90
1258	42.41	43.48	46.05	44.58	41.62	46.99	48.36	33.90
1259	42.42	43.49	46.05	44.59	41.62	46.99	48.36	33.90
1260	42.43	43.49	46.05	44.59	41.63	46.99	48.36	33.91
1261	42.43	43.49	46.06	44.59	41.63	47.00	48.37	33.91
1262	42.44	43.50	46.06	44.60	41.63	47.00	48.37	33.92
1263	42.44	43.50	46.07	44.61	41.64	47.00	48.38	33.93
1264	42.45	43.51	46.08	44.61	41.65	47.01	48.38	33.93
1265	42.45	43.51	46.08	44.62	41.65	47.02	48.39	33.93
1266	42.46	43.51	46.08	44.62	41.66	47.02	48.39	33.94
1267	42.46	43.52	46.09	44.62	41.66	47.03	48.40	33.95
1268	42.46	43.53	46.09	44.63	41.67	47.03	48.40	33.95
1269	42.47	43.53	46.10	44.63	41.67	47.03	48.40	33.95
1270	42.48	43.53	46.10	44.64	41.67	47.04	48.41	33.96
1271	42.48	43.54	46.10	44.64	41.68	47.05	48.42	33.97
1272	42.48	43.55	46.11	44.65	41.68	47.04	48.42	33.97
1273	42.49	43.55	46.12	44.65	41.69	47.05	48.42	33.98
1274	42.49	43.56	46.12	44.65	41.69	47.06	48.43	33.98
1275	42.50	43.56	46.13	44.66	41.70	47.06	48.43	33.99
1276	42.51	43.57	46.13	44.67	41.70	47.07	48.44	33.99
1277	42.51	43.57	46.14	44.67	41.71	47.07	48.44	34.00
1278	42.51	43.57	46.14	44.68	41.71	47.07	48.45	34.00
1279	42.52	43.58	46.14	44.68	41.72	47.08	48.45	34.01
1280	42.52	43.58	46.15	44.68	41.72	47.08	48.46	34.01
1281	42.53	43.59	46.15	44.69	41.72	47.09	48.46	34.02
1282	42.53	43.59	46.16	44.69	41.73	47.09	48.46	34.02
1283	42.54	43.60	46.16	44.70	41.73	47.09	48.47	34.03
1284	42.54	43.60	46.17	44.70	41.74	47.10	48.48	34.04
1285	42.55	43.61	46.17	44.70	41.74	47.10	48.48	34.04
1286	42.55	43.61	46.18	44.71	41.75	47.11	48.48	34.04
1287	42.56	43.62	46.18	44.71	41.75	47.11	48.49	34.05
1288	42.56	43.62	46.19	44.72	41.75	47.12	48.49	34.06
1289	42.57	43.63	46.19	44.72	41.76	47.12	48.49	34.06
1290	42.57	43.63	46.20	44.73	41.77	47.13	48.50	34.07
1291	42.57	43.64	46.20	44.73	41.77	47.13	48.50	34.08
1292	42.58	43.64	46.21	44.73	41.78	47.14	48.51	34.08
1293	42.58	43.64	46.21	44.74	41.78	47.13	48.51	34.08
1294	42.59	43.65	46.21	44.75	41.78	47.14	48.51	34.09
1295	42.59	43.66	46.22	44.75	41.79	47.15	48.52	34.09
1296	42.60	43.66	46.23	44.75	41.79	47.15	48.52	34.10
1297	42.60	43.66	46.23	44.76	41.79	47.15	48.53	34.10
1298	42.61	43.67	46.24	44.76	41.80	47.16	48.53	34.10
1299	42.61	43.68	46.24	44.77	41.80	47.16	48.54	34.11
1300	42.62	43.68	46.25	44.77	41.81	47.17	48.54	34.11
1301	42.62	43.68	46.25	44.78	41.81	47.17	48.54	34.12
1302	42.63	43.69	46.25	44.78	41.82	47.18	48.55	34.13
1303	42.63	43.69	46.26	44.78	41.82	47.18	48.55	34.13
1304	42.63	43.70	46.26	44.79	41.83	47.19	48.56	34.14
1305	42.64	43.70	46.27	44.79	41.83	47.19	48.56	34.14
1306	42.65	43.71	46.27	44.79	41.83	47.19	48.57	34.15
1307	42.64	43.72	46.28	44.80	41.83	47.20	48.57	34.15
1308	42.65	43.72	46.28	44.80	41.83	47.20	48.57	34.15
1309	42.65	43.72	46.29	44.80	41.83	47.21	48.58	34.15
1310	42.65	43.73	46.29	44.81	41.84	47.21	48.58	34.15
1311	42.66	43.73	46.29	44.81	41.84	47.22	48.59	34.16
1312	42.66	43.74	46.30	44.82	41.85	47.22	48.59	34.17
1313	42.67	43.74	46.30	44.82	41.86	47.22	48.59	34.17
1314	42.68	43.74	46.31	44.83	41.86	47.23	48.60	34.18
1315	42.68	43.75	46.31	44.83	41.87	47.23	48.61	34.19
1316	42.68	43.75	46.31	44.84	41.87	47.24	48.61	34.19
1317	42.69	43.76	46.32	44.84	41.88	47.24	48.61	34.19
1318	42.70	43.76	46.33	44.84	41.88	47.25	48.62	34.20
1319	42.70	43.76	46.33	44.85	41.89	47.25	48.62	34.21
1320	42.70	43.77	46.33	44.85	41.89	47.26	48.62	34.21
1321	42.71	43.78	46.34	44.86	41.90	47.26	48.63	34.22
1322	42.72	43.78	46.34	44.87	41.90	47.27	48.63	34.23
1323	42.72	43.79	46.35	44.87	41.90	47.27	48.63	34.23
1324	42.72	43.79	46.36	44.87	41.91	47.27	48.64	34.23
1325	42.73	43.80	46.36	44.88	41.91	47.28	48.65	34.24
1326	42.73	43.80	46.36	44.88	41.92	47.28	48.65	34.24
1327	42.74	43.81	46.37	44.89	41.92	47.28	48.65	34.25
1328	42.74	43.81	46.37	44.89	41.93	47.29	48.66	34.26
1329	42.75	43.82	46.38	44.89	41.94	47.30	48.66	34.26
1330	42.76	43.82	46.38	44.90	41.93	47.30	48.66	34.26
1331	42.76	43.83	46.38	44.91	41.94	47.30	48.67	34.27
1332	42.76	43.82	46.39	44.91	41.94	47.31	48.67	34.28
1333	42.77	43.83	46.39	44.91	41.95	47.31	48.68	34.28
1334	42.77	43.84	46.40	44.91	41.95	47.31	48.69	34.28
1335	42.78	43.84	46.40	44.92	41.96	47.32	48.69	34.29
1336	42.78	43.85	46.41	44.92	41.96	47.33	48.70	34.30
1337	42.79	43.85	46.41	44.93	41.97	47.33	48.70	34.30
1338	42.79	43.86	46.42	44.93	41.97	47.33	48.70	34.30
1339	42.79	43.86	46.42	44.94	41.97	47.34	48.71	34.31
1340	42.80	43.86	46.42	44.94	41.98	47.34	48.71	34.32
1341	42.80	43.87	46.43	44.95	41.98	47.34	48.72	34.32
1342	42.80	43.88	46.43	44.95	41.98	47.35	48.72	34.33
1343	42.81	43.88	46.44	44.95	41.99	47.35	48.72	34.33
1344	42.82	43.88	46.44	44.96	41.99	47.36	48.73	34.34
1345	42.82	43.89	46.45	44.96	42.00	47.36	48.73	34.34
1346	42.83	43.89	46.45	44.97	42.00	47.36	48.74	34.34
1347	42.83	43.89	46.45	44.97	42.01	47.37	48.74	34.35
1348	42.83	43.90	46.46	44.97	42.01	47.37	48.74	34.35
1349	42.84	43.90	46.46	44.98	42.01	47.38	48.75	34.36
1350	42.84	43.91	46.47	44.98	42.02	47.38	48.75	34.37
1351	42.85	43.91	46.47	44.98	42.02	47.39	48.76	34.37
1352	42.85	43.92	46.48	44.99	42.03	47.39	48.76	34.37
1353	42.86	43.92	46.48	44.99	42.03	47.40	48.76	34.38
1354	42.86	43.92	46.49	45.00	42.03	47.40	48.77	34.38
1355	42.87	43.93	46.49	45.00	42.04	47.40	48.77	34.39
1356	42.87	43.94	46.50	45.00	42.04	47.40	48.78	34.40
1357	42.87	43.94	46.50	45.01	42.04	47.41	48.78	34.40
1358	42.88	43.94	46.50	45.01	42.05	47.42	48.78	34.40
1359	42.89	43.95	46.51	45.02	42.05	47.42	48.79	34.41
1360	42.89	43.96	46.51	45.02	42.06	47.42	48.79	34.41
1361	42.90	43.96	46.52	45.02	42.06	47.43	48.80	34.42
1362	42.90	43.96	46.52	45.03	42.07	47.43	48.81	34.42
1363	42.90	43.97	46.52	45.03	42.07	47.43	48.81	34.43
1364	42.91	43.97	46.53	45.04	42.07	47.44	48.81	34.43
1365	42.91	43.97	46.53	45.04	42.08	47.44	48.81	34.44
1366	42.92	43.98	46.54	45.05	42.08	47.45	48.82	34.44
1367	42.92	43.99	46.55	45.04	42.08	47.45	48.82	34.45
1368	42.92	43.99	46.55	45.05	42.09	47.46	48.83	34.46
1369	42.93	44.00	46.55	45.06	42.10	47.46	48.83	34.46
1370	42.93	44.00	46.56	45.06	42.10	47.46	48.83	34.46
1371	42.94	44.01	46.56	45.07	42.10	47.47	48.84	34.47
1372	42.94	44.01	46.57	45.07	42.11	47.47	48.84	34.47
1373	42.95	44.01	46.57	45.07	42.11	47.48	48.85	34.48
1374	42.95	44.02	46.57	45.08	42.12	47.48	48.85	34.48
1375	42.96	44.02	46.58	45.08	42.12	47.48	48.85	34.49
1376	42.96	44.02	46.58	45.08	42.13	47.49	48.86	34.49
1377	42.97	44.03	46.59	45.09	42.13	47.49	48.86	34.50
1378	42.97	44.03	46.59	45.09	42.14	47.49	48.86	34.50
1379	42.98	44.04	46.60	45.10	42.14	47.50	48.87	34.51
1380	42.98	44.04	46.60	45.10	42.14	47.51	48.87	34.51
1381	42.99	44.05	46.61	45.11	42.15	47.51	48.88	34.52
1382	42.99	44.05	46.61	45.11	42.15	47.51	48.89	34.52
1383	42.99	44.06	46.61	45.11	42.16	47.51	48.89	34.53
1384	43.00	44.07	46.62	45.12	42.16	47.52	48.89	34.53
1385	43.00	44.07	46.62	45.12	42.16	47.53	48.89	34.54
1386	43.01	44.07	46.63	45.13	42.16	47.53	48.90	34.55
1387	43.01	44.08	46.63	45.13	42.17	47.53	48.90	34.55
1388	43.01	44.08	46.63	45.14	42.18	47.54	48.91	34.55
1389	43.02	44.09	46.64	45.14	42.18	47.54	48.92	34.56
1390	43.02	44.09	46.64	45.14	42.18	47.54	48.92	34.56
1391	43.03	44.09	46.65	45.15	42.18	47.55	48.92	34.57
1392	43.03	44.09	46.65	45.15	42.19	47.55	48.92	34.57
1393	43.04	44.10	46.66	45.16	42.20	47.55	48.93	34.58
1394	43.04	44.11	46.66	45.16	42.20	47.56	48.93	34.58
1395	43.05	44.11	46.66	45.16	42.20	47.56	48.94	34.59
1396	43.05	44.12	46.67	45.17	42.21	47.57	48.94	34.59
1397	43.06	44.12	46.67	45.17	42.21	47.56	48.94	34.59
1398	43.06	44.12	46.67	45.17	42.21	47.57	48.95	34.61
1399	43.07	44.13	46.68	45.18	42.22	47.58	48.95	34.61
1400	43.07	44.13	46.68	45.18	42.22	47.58	48.95	34.61
1401	43.07	44.14	46.69	45.19	42.23	47.59	48.96	34.62
1402	43.08	44.14	46.69	45.19	42.23	47.59	48.96	34.62
1403	43.08	44.14	46.69	45.19	42.23	47.59	48.97	34.63
1404	43.09	44.15	46.70	45.20	42.24	47.60	48.97	34.63
1405	43.09	44.15	46.71	45.20	42.24	47.60	48.98	34.64
1406	43.09	44.16	46.71	45.21	42.25	47.60	48.98	34.64
1407	43.10	44.16	46.72	45.21	42.25	47.61	48.98	34.64
1408	43.10	44.17	46.72	45.21	42.26	47.62	48.99	34.65
1409	43.11	44.17	46.72	45.22	42.26	47.62	48.99	34.66
1410	43.11	44.18	46.73	45.22	42.26	47.62	49.00	34.66
1411	43.12	44.18	46.73	45.23	42.26	47.63	49.00	34.66
1412	43.12	44.19	46.74	45.23	42.27	47.63	49.00	34.67
1413	43.13	44.19	46.74	45.23	42.27	47.64	49.00	34.67
1414	43.13	44.19	46.74	45.24	42.27	47.64	49.01	34.68
1415	43.14	44.19	46.75	45.24	42.28	47.65	49.02	34.68
1416	43.14	44.20	46.75	45.24	42.29	47.64	49.02	34.69
1417	43.14	44.21	46.76	45.25	42.29	47.65	49.02	34.69
1418	43.15	44.21	46.76	45.25	42.29	47.65	49.03	34.70
1419	43.15	44.22	46.77	45.26	42.30	47.66	49.03	34.70
1420	43.16	44.22	46.77	45.26	42.30	47.66	49.04	34.71
1421	43.16	44.22	46.77	45.26	42.30	47.67	49.04	34.71
1422	43.16	44.23	46.78	45.27	42.31	47.67	49.04	34.72
1423	43.17	44.23	46.78	45.27	42.31	47.67	49.05	34.72
1424	43.17	44.24	46.79	45.28	42.32	47.68	49.05	34.73
1425	43.18	44.24	46.79	45.28	42.32	47.68	49.05	34.73
1426	43.18	44.24	46.79	45.29	42.33	47.69	49.06	34.74
1427	43.19	44.25	46.80	45.29	42.33	47.69	49.06	34.74
1428	43.19	44.26	46.80	45.29	42.34	47.69	49.07	34.75
1429	43.19	44.26	46.81	45.30	42.34	47.70	49.08	34.75
1430	43.20	44.26	46.81	45.30	42.34	47.70	49.08	34.76
1431	43.20	44.27	46.81	45.31	42.35	47.71	49.08	34.76
1432	43.21	44.27	46.82	45.31	42.35	47.71	49.08	34.77
1433	43.21	44.27	46.83	45.31	42.35	47.71	49.09	34.77
1434	43.22	44.28	46.83	45.32	42.36	47.72	49.09	34.77
1435	43.22	44.28	46.83	45.32	42.37	47.72	49.09	34.78
1436	43.23	44.29	46.84	45.33	42.37	47.73	49.10	34.78
1437	43.23	44.29	46.84	45.33	42.37	47.73	49.10	34.79
1438	43.23	44.29	46.85	45.33	42.37	47.73	49.11	34.80
1439	43.24	44.30	46.85	45.34	42.37	47.74	49.11	34.80
1440	43.24	44.31	46.85	45.34	42.38	47.74	49.12	34.80
1441	43.25	44.31	46.86	45.34	42.39	47.74	49.12	34.81
1442	43.26	44.31	46.86	45.35	42.39	47.75	49.12	34.81
1443	43.26	44.32	46.87	45.35	42.39	47.75	49.13	34.82
1444	43.26	44.32	46.87	45.36	42.40	47.76	49.14	34.82
1445	43.27	44.33	46.87	45.36	42.40	47.76	49.13	34.83
1446	43.27	44.33	46.88	45.37	42.40	47.77	49.14	34.83
1447	43.27	44.34	46.88	45.37	42.41	47.77	49.14	34.84
1448	43.28	44.34	46.89	45.37	42.41	47.77	49.15	34.84
1449	43.29	44.35	46.89	45.38	42.42	47.78	49.15	34.85
1450	43.29	44.35	46.89	45.38	42.42	47.78	49.16	34.85
1451	43.29	44.35	46.90	45.39	42.43	47.79	49.16	34.86
1452	43.29	44.36	46.90	45.39	42.43	47.79	49.16	34.85
1453	43.30	44.36	46.91	45.39	42.43	47.79	49.17	34.86
1454	43.30	44.37	46.91	45.40	42.44	47.80	49.17	34.87
1455	43.31	44.37	46.92	45.40	42.44	47.80	49.18	34.87
1456	43.31	44.37	46.92	45.41	42.44	47.81	49.17	34.88
1457	43.32	44.38	46.93	45.41	42.45	47.81	49.18	34.88
1458	43.32	44.38	46.93	45.41	42.45	47.81	49.19	34.89
1459	43.33	44.39	46.93	45.42	42.46	47.82	49.19	34.89
1460	43.33	44.39	46.94	45.42	42.46	47.82	49.19	34.89
1461	43.33	44.39	46.94	45.43	42.46	47.83	49.20	34.90
1462	43.34	44.40	46.95	45.43	42.47	47.83	49.21	34.91
1463	43.34	44.40	46.95	45.43	42.47	47.84	49.21	34.91
1464	43.35	44.41	46.96	45.44	42.48	47.84	49.21	34.92
1465	43.35	44.41	46.96	45.44	42.48	47.84	49.21	34.92
1466	43.36	44.41	46.96	45.44	42.48	47.85	49.22	34.93
1467	43.36	44.42	46.96	45.45	42.49	47.85	49.22	34.93
1468	43.37	44.42	46.97	45.45	42.49	47.86	49.23	34.94
1469	43.37	44.43	46.98	45.46	42.49	47.86	49.23	34.94
1470	43.37	44.43	46.98	45.46	42.50	47.86	49.24	34.94
1471	43.38	44.43	46.98	45.47	42.50	47.87	49.24	34.95
1472	43.38	44.44	46.99	45.47	42.50	47.88	49.24	34.95
1473	43.38	44.44	46.99	45.47	42.51	47.88	49.25	34.96
1474	43.39	44.45	47.00	45.48	42.52	47.88	49.25	34.96
1475	43.40	44.45	47.00	45.48	42.52	47.88	49.26	34.96
1476	43.40	44.46	47.00	45.48	42.52	47.89	49.26	34.97
1477	43.41	44.46	47.01	45.49	42.53	47.89	49.26	34.98
1478	43.41	44.46	47.01	45.49	42.53	47.90	49.27	34.98
1479	43.41	44.47	47.02	45.49	42.54	47.90	49.27	34.99
1480	43.42	44.47	47.02	45.50	42.54	47.91	49.27	34.99
1481	43.42	44.48	47.03	45.50	42.54	47.91	49.28	35.00
1482	43.42	44.48	47.03	45.51	42.55	47.91	49.28	35.00
1483	43.43	44.49	47.03	45.51	42.55	47.92	49.29	35.00
1484	43.43	44.49	47.04	45.51	42.56	47.92	49.29	35.01
1485	43.44	44.49	47.04	45.51	42.56	47.92	49.30	35.01
1486	43.44	44.50	47.04	45.53	42.57	47.93	49.30	35.02
1487	43.44	44.50	47.05	45.53	42.57	47.93	49.30	35.03
1488	43.45	44.51	47.05	45.53	42.57	47.94	49.30	35.03
1489	43.45	44.51	47.06	45.53	42.58	47.94	49.31	35.03
1490	43.46	44.51	47.06	45.53	42.58	47.94	49.31	35.03
1491	43.46	44.52	47.07	45.54	42.58	47.95	49.32	35.04
1492	43.47	44.52	47.07	45.54	42.58	47.95	49.32	35.04
1493	43.47	44.53	47.08	45.54	42.59	47.95	49.32	35.05
1494	43.48	44.53	47.08	45.55	42.59	47.96	49.33	35.06
1495	43.48	44.54	47.09	45.56	42.60	47.96	49.33	35.06
1496	43.48	44.54	47.09	45.56	42.60	47.97	49.34	35.06
1497	43.49	44.54	47.09	45.57	42.60	47.97	49.34	35.07
1498	43.49	44.55	47.10	45.57	42.61	47.97	49.34	35.07
1499	43.50	44.55	47.10	45.57	42.61	47.97	49.35	35.08
1500	43.50	44.56	47.10	45.58	42.62	47.98	49.35	35.08
1501	43.50	44.56	47.11	45.58	42.62	47.99	49.36	35.09
1502	43.50	44.57	47.11	45.58	42.62	47.99	49.36	35.09
1503	43.51	44.57	47.12	45.59	42.63	47.99	49.36	35.09
1504	43.52	44.57	47.12	45.59	42.63	48.00	49.37	35.10
1505	43.52	44.58	47.13	45.59	42.63	48.00	49.37	35.11
1506	43.53	44.58	47.13	45.60	42.64	48.00	49.38	35.11
1507	43.53	44.59	47.13	45.60	42.64	48.01	49.38	35.11
1508	43.53	44.59	47.13	45.61	42.65	48.01	49.38	35.12
1509	43.54	44.59	47.14	45.61	42.65	48.02	49.39	35.12
1510	43.54	44.60	47.14	45.61	42.66	48.02	49.39	35.12
1511	43.55	44.60	47.15	45.62	42.66	48.03	49.39	35.13
1512	43.55	44.61	47.15	45.62	42.66	48.03	49.40	35.14
1513	43.56	44.61	47.15	45.63	42.67	48.03	49.40	35.14
1514	43.56	44.62	47.16	45.63	42.67	48.04	49.40	35.15
1515	43.57	44.62	47.16	45.63	42.67	48.04	49.41	35.15
1516	43.57	44.62	47.17	45.64	42.68	48.05	49.41	35.15
1517	43.57	44.63	47.17	45.64	42.68	48.05	49.42	35.16
1518	43.58	44.63	47.18	45.64	42.68	48.05	49.42	35.17
1519	43.58	44.63	47.18	45.65	42.69	48.05	49.42	35.17
1520	43.58	44.64	47.18	45.65	42.69	48.06	49.43	35.17
1521	43.59	44.64	47.19	45.66	42.70	48.06	49.43	35.18
1522	43.59	44.65	47.19	45.66	42.70	48.07	49.44	35.18
1523	43.60	44.65	47.20	45.66	42.70	48.07	49.44	35.19
1524	43.60	44.65	47.20	45.67	42.71	48.08	49.45	35.19
1525	43.61	44.66	47.20	45.67	42.71	48.08	49.45	35.20
1526	43.61	44.66	47.21	45.67	42.71	48.08	49.46	35.21
1527	43.61	44.66	47.21	45.68	42.72	48.09	49.46	35.21
1528	43.62	44.67	47.21	45.68	42.72	48.09	49.46	35.21
1529	43.62	44.68	47.22	45.68	42.72	48.09	49.46	35.21
1530	43.63	44.68	47.22	45.69	42.73	48.10	49.47	35.22
1531	43.64	44.68	47.23	45.69	42.74	48.10	49.47	35.23
1532	43.63	44.69	47.23	45.70	42.74	48.10	49.48	35.23
1533	43.64	44.69	47.24	45.70	42.74	48.11	49.48	35.24
1534	43.64	44.69	47.24	45.70	42.74	48.12	49.48	35.24
1535	43.65	44.70	47.24	45.71	42.75	48.12	49.49	35.24
1536	43.65	44.70	47.25	45.71	42.76	48.12	49.49	35.25
1537	43.66	44.71	47.25	45.71	42.75	48.12	49.50	35.25
1538	43.66	44.71	47.26	45.72	42.76	48.13	49.50	35.25
1539	43.66	44.71	47.26	45.72	42.76	48.13	49.50	35.26
1540	43.67	44.72	47.26	45.72	42.77	48.14	49.51	35.27
1541	43.67	44.72	47.27	45.73	42.77	48.14	49.51	35.27
1542	43.68	44.73	47.27	45.74	42.77	48.14	49.51	35.27
1543	43.68	44.73	47.28	45.74	42.78	48.15	49.52	35.28
1544	43.69	44.73	47.28	45.74	42.78	48.15	49.52	35.28
1545	43.69	44.74	47.28	45.75	42.79	48.15	49.53	35.29
1546	43.70	44.74	47.29	45.75	42.79	48.16	49.53	35.29
1547	43.70	44.74	47.29	45.75	42.79	48.16	49.53	35.30
1548	43.70	44.75	47.29	45.75	42.80	48.17	49.54	35.30
1549	43.71	44.75	47.30	45.76	42.80	48.17	49.54	35.31
1550	43.71	44.76	47.30	45.77	42.80	48.17	49.55	35.31
1551	43.72	44.77	47.30	45.77	42.81	48.18	49.55	35.31
1552	43.72	44.77	47.31	45.77	42.81	48.18	49.55	35.32
1553	43.73	44.77	47.31	45.78	42.82	48.19	49.56	35.32
1554	43.73	44.77	47.32	45.78	42.82	48.19	49.56	35.33
1555	43.73	44.78	47.33	45.78	42.82	48.19	49.56	35.33
1556	43.74	44.78	47.33	45.79	42.83	48.20	49.57	35.34
1557	43.73	44.79	47.33	45.79	42.81	48.20	49.57	35.33
1558	43.73	44.79	47.34	45.78	42.81	48.20	49.58	35.34
1559	43.74	44.79	47.34	45.79	42.82	48.21	49.58	35.34
1560	43.74	44.80	47.34	45.79	42.82	48.21	49.58	35.34
1561	43.74	44.80	47.35	45.80	42.83	48.21	49.59	35.35
1562	43.75	44.80	47.35	45.80	42.84	48.22	49.59	35.35
1563	43.75	44.81	47.35	45.80	42.84	48.22	49.60	35.36
1564	43.76	44.81	47.36	45.81	42.85	48.23	49.60	35.37
1565	43.77	44.82	47.36	45.82	42.85	48.23	49.60	35.37
1566	43.77	44.82	47.37	45.82	42.85	48.23	49.61	35.37
1567	43.77	44.83	47.37	45.82	42.86	48.23	49.61	35.38
1568	43.78	44.83	47.37	45.83	42.86	48.24	49.61	35.39
1569	43.78	44.83	47.38	45.83	42.87	48.24	49.62	35.39
1570	43.78	44.84	47.38	45.84	42.87	48.25	49.62	35.40
1571	43.79	44.85	47.39	45.84	42.88	48.25	49.62	35.40
1572	43.79	44.85	47.39	45.85	42.88	48.25	49.62	35.40
1573	43.80	44.85	47.39	45.85	42.89	48.25	49.62	35.41
1574	43.81	44.85	47.39	45.86	42.89	48.25	49.62	35.42
1575	43.81	44.86	47.40	45.86	42.89	48.25	49.63	35.42
1576	43.81	44.86	47.40	45.86	42.90	48.25	49.63	35.42
1577	43.82	44.86	47.41	45.87	42.90	48.25	49.64	35.43
1578	43.82	44.87	47.41	45.87	42.90	48.26	49.63	35.44
1579	43.83	44.87	47.42	45.87	42.91	48.26	49.64	35.44
1580	43.83	44.88	47.42	45.88	42.91	48.27	49.65	35.44
1581	43.84	44.88	47.43	45.88	42.92	48.28	49.66	35.45
1582	43.84	44.89	47.43	45.89	42.92	48.28	49.65	35.45
1583	43.84	44.89	47.43	45.89	42.92	48.28	49.66	35.46
1584	43.85	44.90	47.44	45.89	42.93	48.28	49.67	35.46
1585	43.85	44.90	47.44	45.89	42.93	48.29	49.67	35.47
1586	43.85	44.90	47.45	45.90	42.93	48.29	49.68	35.47
1587	43.86	44.91	47.45	45.91	42.94	48.30	49.68	35.47
1588	43.86	44.91	47.46	45.91	42.94	48.31	49.68	35.48
1589	43.87	44.91	47.46	45.91	42.94	48.30	49.69	35.48
1590	43.87	44.92	47.46	45.91	42.95	48.31	49.69	35.49
1591	43.87	44.92	47.47	45.92	42.95	48.31	49.69	35.49
1592	43.88	44.93	47.47	45.92	42.96	48.32	49.70	35.50
1593	43.88	44.93	47.47	45.93	42.96	48.32	49.70	35.50
1594	43.89	44.93	47.48	45.93	42.96	48.32	49.70	35.51
1595	43.89	44.94	47.48	45.93	42.97	48.33	49.71	35.51
1596	43.89	44.94	47.49	45.93	42.97	48.33	49.71	35.51
1597	43.90	44.95	47.49	45.94	42.97	48.33	49.72	35.52
1598	43.90	44.95	47.49	45.94	42.98	48.33	49.71	35.52
1599	43.91	44.95	47.50	45.95	42.98	48.34	49.72	35.53
1600	43.91	44.96	47.50	45.95	42.98	48.34	49.72	35.53
1601	43.91	44.97	47.51	45.96	42.99	48.35	49.73	35.53
1602	43.92	44.97	47.51	45.96	42.99	48.35	49.73	35.54
1603	43.92	44.97	47.51	45.96	42.99	48.36	49.74	35.54
1604	43.93	44.97	47.52	45.97	43.00	48.36	49.74	35.55
1605	43.93	44.98	47.52	45.97	43.00	48.37	49.75	35.55
1606	43.93	44.98	47.53	45.97	43.00	48.37	49.75	35.55
1607	43.93	44.98	47.53	45.98	43.01	48.37	49.75	35.57
1608	43.94	44.99	47.53	45.98	43.01	48.38	49.75	35.56
1609	43.95	44.99	47.54	45.98	43.02	48.38	49.76	35.57
1610	43.95	44.99	47.54	45.99	43.02	48.39	49.76	35.57
1611	43.96	45.00	47.55	45.99	43.03	48.39	49.77	35.58
1612	43.96	45.00	47.55	45.99	43.03	48.39	49.77	35.58
1613	43.96	45.01	47.55	46.00	43.03	48.40	49.78	35.59
1614	43.97	45.01	47.55	46.00	43.04	48.40	49.78	35.59
1615	43.97	45.02	47.56	46.01	43.04	48.40	49.78	35.60
1616	43.97	45.02	47.56	46.01	43.04	48.40	49.79	35.60
1617	43.98	45.02	47.57	46.01	43.05	48.41	49.79	35.60
1618	43.98	45.03	47.57	46.02	43.05	48.41	49.79	35.61
1619	43.98	45.03	47.57	46.02	43.05	48.42	49.79	35.61
1620	43.99	45.03	47.58	46.02	43.06	48.42	49.80	35.61
1621	43.99	45.04	47.58	46.03	43.06	48.42	49.80	35.62
1622	44.00	45.04	47.58	46.03	43.07	48.43	49.81	35.62
1623	44.00	45.04	47.59	46.03	43.07	48.43	49.81	35.63
1624	44.01	45.05	47.59	46.04	43.07	48.44	49.81	35.63
1625	44.01	45.05	47.60	46.04	43.08	48.44	49.82	35.64
1626	44.02	45.06	47.60	46.05	43.08	48.44	49.82	35.64
1627	44.02	45.06	47.61	46.05	43.08	48.44	49.83	35.65
1628	44.02	45.06	47.61	46.05	43.09	48.45	49.83	35.65
1629	44.03	45.07	47.61	46.06	43.09	48.45	49.83	35.65
1630	44.03	45.07	47.62	46.06	43.09	48.46	49.84	35.66
1631	44.03	45.07	47.62	46.06	43.10	48.46	49.84	35.66
1632	44.04	45.08	47.62	46.07	43.10	48.46	49.84	35.67
1633	44.04	45.08	47.63	46.07	43.10	48.47	49.84	35.67
1634	44.04	45.09	47.63	46.08	43.11	48.47	49.85	35.67
1635	44.06	45.09	47.64	46.08	43.11	48.48	49.85	35.68
1636	44.05	45.10	47.64	46.08	43.12	48.48	49.86	35.69
1637	44.06	45.10	47.64	46.08	43.12	48.48	49.86	35.69
1638	44.07	45.10	47.65	46.09	43.12	48.49	49.86	35.69
1639	44.07	45.10	47.65	46.09	43.13	48.49	49.87	35.70
1640	44.07	45.11	47.65	46.10	43.13	48.50	49.87	35.70
1641	44.07	45.12	47.66	46.10	43.13	48.50	49.88	35.70
1642	44.08	45.12	47.66	46.10	43.14	48.50	49.88	35.71
1643	44.08	45.12	47.66	46.10	43.14	48.51	49.89	35.71
1644	44.09	45.12	47.67	46.11	43.14	48.51	49.89	35.71
1645	44.09	45.13	47.67	46.11	43.15	48.51	49.89	35.72
1646	44.09	45.13	47.67	46.12	43.15	48.52	49.90	35.73
1647	44.10	45.14	47.68	46.12	43.16	48.52	49.90	35.73
1648	44.11	45.14	47.68	46.13	43.16	48.52	49.90	35.73
1649	44.11	45.14	47.69	46.13	43.16	48.53	49.91	35.74
1650	44.11	45.15	47.69	46.13	43.16	48.53	49.91	35.74
1651	44.12	45.15	47.70	46.14	43.17	48.53	49.91	35.75
1652	44.12	45.15	47.70	46.14	43.17	48.54	49.92	35.75
1653	44.12	45.16	47.70	46.14	43.18	48.54	49.92	35.75
1654	44.13	45.16	47.71	46.15	43.18	48.54	49.92	35.76
1655	44.13	45.17	47.71	46.15	43.18	48.55	49.93	35.76
1656	44.14	45.17	47.72	46.16	43.19	48.55	49.93	35.77
1657	44.14	45.18	47.72	46.16	43.19	48.55	49.94	35.77
1658	44.14	45.18	47.72	46.16	43.20	48.56	49.94	35.78
1659	44.15	45.18	47.73	46.16	43.20	48.57	49.94	35.78
1660	44.15	45.18	47.73	46.17	43.20	48.57	49.94	35.79
1661	44.16	45.19	47.73	46.17	43.21	48.57	49.95	35.79
1662	44.16	45.19	47.74	46.18	43.21	48.58	49.96	35.79
1663	44.16	45.20	47.74	46.18	43.22	48.58	49.96	35.80
1664	44.17	45.20	47.75	46.19	43.22	48.58	49.96	35.80
1665	44.18	45.21	47.75	46.19	43.22	48.58	49.97	35.81
1666	44.17	45.21	47.75	46.19	43.23	48.59	49.97	35.81
1667	44.18	45.21	47.76	46.19	43.22	48.59	49.97	35.81
1668	44.17	45.22	47.76	46.17	43.21	48.59	49.97	35.80
1669	44.17	45.22	47.76	46.16	43.20	48.59	49.97	35.80
1670	44.16	45.22	47.76	46.17	43.21	48.60	49.97	35.80
1671	44.17	45.23	47.77	46.18	43.22	48.60	49.97	35.81
1672	44.17	45.23	47.77	46.19	43.23	48.60	49.98	35.82
1673	44.18	45.24	47.78	46.20	43.23	48.61	49.98	35.82
1674	44.18	45.23	47.79	46.20	43.24	48.61	49.99	35.83
1675	44.19	45.24	47.78	46.21	43.25	48.61	49.99	35.83
1676	44.20	45.25	47.79	46.21	43.25	48.62	49.99	35.84
1677	44.20	45.25	47.80	46.22	43.26	48.62	49.99	35.84
1678	44.20	45.26	47.79	46.23	43.26	48.63	50.00	35.85
1679	44.21	45.26	47.80	46.23	43.26	48.63	50.01	35.85
1680	44.21	45.26	47.80	46.24	43.27	48.63	50.01	35.86
1681	44.22	45.27	47.81	46.24	43.27	48.64	50.01	35.86
1682	44.22	45.27	47.82	46.24	43.28	48.64	50.01	35.87
1683	44.23	45.27	47.82	46.25	43.28	48.64	50.02	35.87
1684	44.23	45.28	47.82	46.25	43.28	48.65	50.03	35.88
1685	44.24	45.28	47.82	46.26	43.29	48.65	50.03	35.88
1686	44.24	45.29	47.83	46.26	43.29	48.65	50.03	35.89
1687	44.25	45.29	47.83	46.27	43.30	48.66	50.04	35.89
1688	44.25	45.28	47.84	46.27	43.30	48.66	50.04	35.90
1689	44.25	45.30	47.84	46.27	43.30	48.67	50.04	35.90
1690	44.25	45.30	47.84	46.27	43.30	48.67	50.04	35.90
1691	44.26	45.30	47.85	46.27	43.29	48.68	50.05	35.90
1692	44.25	45.31	47.85	46.28	43.30	48.68	50.05	35.90
1693	44.26	45.31	47.86	46.28	43.31	48.68	50.06	35.90
1694	44.26	45.31	47.86	46.28	43.31	48.68	50.06	35.91
1695	44.27	45.32	47.86	46.29	43.32	48.69	50.06	35.91
1696	44.27	45.32	47.87	46.30	43.32	48.69	50.07	35.92
1697	44.27	45.33	47.87	46.30	43.33	48.70	50.07	35.92
1698	44.28	45.33	47.87	46.30	43.33	48.70	50.07	35.93
1699	44.28	45.33	47.88	46.31	43.34	48.70	50.08	35.93
1700	44.29	45.34	47.88	46.31	43.34	48.70	50.08	35.94
1701	44.29	45.34	47.89	46.31	43.35	48.71	50.08	35.94
1702	44.30	45.35	47.89	46.32	43.35	48.72	50.09	35.95
1703	44.30	45.35	47.90	46.32	43.35	48.72	50.09	35.95
1704	44.31	45.35	47.90	46.32	43.35	48.72	50.10	35.96
1705	44.31	45.35	47.90	46.33	43.36	48.73	50.10	35.96
1706	44.31	45.36	47.91	46.33	43.36	48.73	50.10	35.96
1707	44.32	45.36	47.91	46.33	43.37	48.73	50.10	35.97
1708	44.32	45.37	47.91	46.34	43.36	48.74	50.11	35.97
1709	44.33	45.37	47.92	46.34	43.36	48.74	50.11	35.98
1710	44.33	45.38	47.92	46.34	43.37	48.74	50.11	35.98
1711	44.33	45.38	47.92	46.35	43.37	48.74	50.11	35.98
1712	44.33	45.38	47.93	46.35	43.37	48.74	50.11	35.98
1713	44.34	45.38	47.93	46.35	43.38	48.75	50.12	35.99
1714	44.34	45.39	47.93	46.36	43.38	48.75	50.12	35.99
1715	44.35	45.39	47.94	46.36	43.39	48.76	50.13	36.00
1716	44.35	45.40	47.94	46.37	43.39	48.76	50.13	36.01
1717	44.36	45.40	47.94	46.37	43.40	48.76	50.13	36.01
1718	44.36	45.40	47.95	46.38	43.40	48.77	50.14	36.01
1719	44.37	45.41	47.95	46.38	43.40	48.77	50.14	36.02
1720	44.37	45.41	47.96	46.38	43.40	48.78	50.15	36.02
1721	44.37	45.41	47.96	46.39	43.41	48.78	50.15	36.03
1722	44.37	45.42	47.96	46.39	43.41	48.78	50.15	36.03
1723	44.38	45.42	47.97	46.40	43.42	48.79	50.16	36.03
1724	44.38	45.43	47.97	46.40	43.43	48.79	50.16	36.04
1725	44.39	45.43	47.98	46.40	43.43	48.79	50.16	36.05
1726	44.39	45.43	47.98	46.40	43.43	48.79	50.17	36.05
1727	44.40	45.43	47.98	46.41	43.43	48.80	50.17	36.05
1728	44.40	45.44	47.99	46.41	43.44	48.80	50.18	36.06
1729	44.40	45.44	47.99	46.42	43.44	48.81	50.18	36.06
1730	44.40	45.44	47.99	46.42	43.45	48.81	50.18	36.06
1731	44.41	45.45	47.99	46.43	43.45	48.81	50.19	36.07
1732	44.42	45.45	48.00	46.42	43.45	48.82	50.19	36.07
1733	44.42	45.46	48.01	46.43	43.45	48.82	50.20	36.08
1734	44.42	45.46	48.01	46.43	43.46	48.83	50.19	36.08
1735	44.42	45.47	48.01	46.44	43.46	48.83	50.20	36.09
1736	44.43	45.47	48.02	46.44	43.47	48.83	50.20	36.09
1737	44.44	45.47	48.01	46.44	43.47	48.83	50.21	36.09
1738	44.44	45.48	48.02	46.45	43.47	48.84	50.21	36.10
1739	44.44	45.48	48.03	46.45	43.48	48.84	50.22	36.10
1740	44.44	45.48	48.03	46.45	43.48	48.85	50.22	36.10
1741	44.45	45.49	48.03	46.45	43.48	48.85	50.22	36.11
1742	44.45	45.49	48.04	46.46	43.49	48.85	50.22	36.11
1743	44.46	45.50	48.04	46.46	43.49	48.85	50.23	36.12
1744	44.46	45.50	48.04	46.47	43.49	48.86	50.23	36.12
1745	44.47	45.50	48.04	46.47	43.49	48.86	50.23	36.13
1746	44.47	45.50	48.05	46.47	43.50	48.87	50.24	36.13
1747	44.48	45.51	48.05	46.47	43.50	48.87	50.24	36.14
1748	44.48	45.51	48.06	46.48	43.50	48.88	50.24	36.14
1749	44.48	45.51	48.06	46.48	43.51	48.88	50.25	36.14
1750	44.48	45.52	48.06	46.49	43.51	48.88	50.25	36.14
1751	44.49	45.53	48.07	46.49	43.51	48.88	50.25	36.15
1752	44.49	45.53	48.07	46.49	43.52	48.88	50.26	36.16
1753	44.50	45.53	48.07	46.50	43.52	48.88	50.26	36.16
1754	44.50	45.53	48.08	46.50	43.53	48.89	50.26	36.16
1755	44.50	45.54	48.08	46.51	43.53	48.89	50.27	36.16
1756	44.51	45.54	48.09	46.51	43.53	48.90	50.27	36.17
1757	44.51	45.54	48.09	46.52	43.54	48.90	50.28	36.18
1758	44.51	45.55	48.09	46.52	43.54	48.90	50.28	36.18
1759	44.52	45.56	48.10	46.52	43.55	48.90	50.29	36.19
1760	44.52	45.55	48.10	46.52	43.55	48.91	50.29	36.19
1761	44.53	45.56	48.10	46.53	43.55	48.91	50.29	36.19
1762	44.53	45.56	48.11	46.53	43.55	48.92	50.30	36.19
1763	44.53	45.57	48.11	46.54	43.56	48.92	50.30	36.20
1764	44.53	45.57	48.12	46.53	43.56	48.92	50.30	36.20
1765	44.54	45.57	48.12	46.54	43.56	48.93	50.30	36.21
1766	44.55	45.58	48.12	46.54	43.56	48.93	50.30	36.21
1767	44.54	45.58	48.13	46.54	43.56	48.93	50.31	36.21
1768	44.55	45.58	48.13	46.54	43.56	48.94	50.31	36.21
1769	44.55	45.59	48.13	46.55	43.57	48.94	50.32	36.21
1770	44.55	45.59	48.14	46.55	43.57	48.94	50.33	36.22
1771	44.56	45.59	48.14	46.55	43.58	48.95	50.33	36.22
1772	44.56	45.59	48.14	46.56	43.58	48.95	50.33	36.23
1773	44.57	45.60	48.14	46.57	43.58	48.96	50.33	36.23
1774	44.57	45.60	48.15	46.57	43.59	48.96	50.34	36.24
1775	44.58	45.61	48.15	46.57	43.59	48.96	50.34	36.25
1776	44.57	45.61	48.15	46.57	43.60	48.97	50.35	36.25
1777	44.58	45.61	48.16	46.58	43.61	48.97	50.35	36.25
1778	44.59	45.62	48.16	46.58	43.61	48.97	50.35	36.26
1779	44.60	45.62	48.17	46.59	43.61	48.97	50.36	36.26
1780	44.59	45.62	48.17	46.59	43.61	48.98	50.36	36.27
1781	44.60	45.63	48.18	46.59	43.61	48.98	50.36	36.27
1782	44.60	45.63	48.18	46.60	43.62	48.99	50.37	36.27
1783	44.60	45.64	48.18	46.60	43.62	48.99	50.37	36.28
1784	44.61	45.64	48.19	46.60	43.62	48.99	50.37	36.28
1785	44.61	45.64	48.19	46.61	43.62	49.00	50.37	36.28
1786	44.61	45.65	48.19	46.61	43.63	49.00	50.38	36.28
1787	44.62	45.65	48.19	46.61	43.63	49.00	50.38	36.29
1788	44.62	45.66	48.20	46.61	43.64	49.01	50.38	36.29
1789	44.62	45.66	48.20	46.61	43.64	49.01	50.39	36.30
1790	44.63	45.66	48.20	46.62	43.65	49.02	50.39	36.30
1791	44.63	45.66	48.21	46.63	43.65	49.02	50.39	36.31
1792	44.63	45.67	48.21	46.63	43.65	49.02	50.40	36.31
1793	44.64	45.67	48.22	46.63	43.65	49.03	50.40	36.32
1794	44.65	45.68	48.22	46.64	43.66	49.03	50.40	36.32
1795	44.65	45.68	48.22	46.64	43.66	49.03	50.41	36.32
1796	44.66	45.69	48.23	46.64	43.67	49.04	50.41	36.33
1797	44.66	45.69	48.23	46.64	43.67	49.04	50.42	36.33
1798	44.66	45.69	48.24	46.65	43.67	49.04	50.42	36.33
1799	44.67	45.69	48.24	46.65	43.67	49.05	50.42	36.34
1800	44.67	45.70	48.24	46.65	43.68	49.05	50.43	36.34
1801	44.67	45.70	48.24	46.66	43.68	49.06	50.43	36.35
1802	44.68	45.70	48.25	46.66	43.68	49.06	50.44	36.35
1803	44.68	45.71	48.25	46.67	43.69	49.06	50.43	36.35
1804	44.68	45.71	48.26	46.67	43.69	49.06	50.44	36.36
1805	44.69	45.71	48.26	46.67	43.69	49.07	50.44	36.36
1806	44.69	45.72	48.27	46.68	43.70	49.07	50.45	36.36
1807	44.70	45.72	48.27	46.68	43.70	49.07	50.45	36.37
1808	44.70	45.72	48.27	46.68	43.70	49.08	50.45	36.38
1809	44.70	45.73	48.27	46.69	43.71	49.08	50.46	36.38
1810	44.70	45.73	48.27	46.69	43.71	49.09	50.46	36.38
1811	44.71	45.74	48.28	46.69	43.72	49.09	50.46	36.39
1812	44.71	45.74	48.28	46.69	43.72	49.09	50.47	36.39
1813	44.72	45.74	48.28	46.70	43.72	49.10	50.47	36.40
1814	44.72	45.74	48.29	46.70	43.72	49.10	50.47	36.40
1815	44.73	45.75	48.30	46.70	43.73	49.10	50.48	36.40
1816	44.73	45.75	48.29	46.71	43.73	49.10	50.48	36.41
1817	44.73	45.76	48.30	46.72	43.73	49.11	50.48	36.41
1818	44.73	45.76	48.30	46.71	43.73	49.11	50.48	36.41
1819	44.74	45.77	48.31	46.72	43.74	49.11	50.49	36.41
1820	44.74	45.77	48.31	46.72	43.74	49.12	50.49	36.42
1821	44.74	45.77	48.31	46.72	43.74	49.12	50.49	36.42
1822	44.74	45.78	48.31	46.72	43.74	49.12	50.50	36.42
1823	44.74	45.78	48.32	46.72	43.73	49.13	50.50	36.43
1824	44.75	45.78	48.32	46.73	43.75	49.13	50.50	36.43
1825	44.75	45.79	48.33	46.73	43.75	49.13	50.51	36.43
1826	44.75	45.79	48.33	46.73	43.75	49.13	50.51	36.43
1827	44.76	45.79	48.33	46.73	43.76	49.14	50.52	36.44
1828	44.76	45.80	48.34	46.73	43.75	49.15	50.52	36.44
1829	44.76	45.80	48.34	46.74	43.76	49.15	50.53	36.44
1830	44.76	45.79	48.35	46.74	43.77	49.15	50.52	36.44
1831	44.77	45.81	48.35	46.75	43.77	49.16	50.53	36.45
1832	44.77	45.81	48.35	46.75	43.78	49.16	50.53	36.46
1833	44.78	45.81	48.36	46.76	43.79	49.16	50.53	36.46
1834	44.78	45.82	48.36	46.76	43.78	49.16	50.54	36.47
1835	44.79	45.82	48.36	46.77	43.79	49.17	50.54	36.47
1836	44.79	45.82	48.37	46.78	43.79	49.17	50.54	36.47
1837	44.80	45.82	48.37	46.78	43.80	49.18	50.55	36.48
1838	44.80	45.82	48.37	46.78	43.80	49.18	50.55	36.48
1839	44.81	45.83	48.38	46.78	43.80	49.18	50.55	36.49
1840	44.81	45.84	48.38	46.79	43.81	49.19	50.56	36.49
1841	44.81	45.84	48.38	46.79	43.81	49.19	50.56	36.50
1842	44.82	45.84	48.39	46.79	43.81	49.19	50.56	36.50
1843	44.82	45.85	48.39	46.80	43.81	49.19	50.57	36.51
1844	44.82	45.85	48.39	46.80	43.82	49.20	50.57	36.51
1845	44.83	45.85	48.39	46.81	43.83	49.20	50.57	36.51
1846	44.83	45.85	48.40	46.81	43.83	49.20	50.57	36.52
1847	44.83	45.86	48.40	46.81	43.83	49.20	50.58	36.52
1848	44.84	45.87	48.41	46.81	43.82	49.21	50.58	36.52
1849	44.83	45.87	48.41	46.80	43.81	49.21	50.58	36.51
1850	44.83	45.87	48.41	46.81	43.81	49.22	50.59	36.52
1851	44.83	45.88	48.42	46.81	43.82	49.22	50.59	36.52
1852	44.84	45.88	48.42	46.82	43.83	49.22	50.59	36.53
1853	44.85	45.88	48.42	46.82	43.83	49.22	50.60	36.53
1854	44.85	45.88	48.42	46.83	43.84	49.23	50.60	36.53
1855	44.85	45.89	48.43	46.83	43.84	49.23	50.61	36.54
1856	44.86	45.89	48.43	46.83	43.85	49.24	50.61	36.55
1857	44.86	45.89	48.43	46.84	43.85	49.24	50.61	36.55
1858	44.87	45.89	48.44	46.84	43.86	49.24	50.62	36.56
1859	44.87	45.90	48.44	46.85	43.86	49.25	50.62	36.56
1860	44.88	45.90	48.44	46.85	43.86	49.25	50.63	36.56
1861	44.89	45.90	48.45	46.85	43.87	49.25	50.63	36.57
1862	44.89	45.91	48.45	46.86	43.88	49.25	50.63	36.57
1863	44.89	45.91	48.45	46.86	43.88	49.26	50.64	36.58
1864	44.89	45.91	48.46	46.86	43.88	49.26	50.64	36.58
1865	44.90	45.92	48.46	46.87	43.88	49.27	50.65	36.58
1866	44.90	45.92	48.47	46.87	43.89	49.27	50.64	36.59
1867	44.90	45.92	48.47	46.88	43.89	49.27	50.65	36.59
1868	44.91	45.93	48.47	46.88	43.89	49.28	50.65	36.60
1869	44.92	45.93	48.47	46.88	43.90	49.28	50.66	36.60
1870	44.92	45.93	48.48	46.88	43.90	49.29	50.66	36.60
1871	44.92	45.93	48.48	46.88	43.90	49.29	50.67	36.61
1872	44.93	45.94	48.48	46.89	43.90	49.29	50.67	36.61
1873	44.93	45.94	48.48	46.89	43.90	49.29	50.67	36.61
1874	44.93	45.95	48.49	46.89	43.90	49.29	50.68	36.61
1875	44.94	45.95	48.49	46.89	43.91	49.30	50.68	36.61
1876	44.94	45.95	48.50	46.90	43.91	49.30	50.69	36.62
1877	44.94	45.96	48.50	46.90	43.92	49.31	50.69	36.62
1878	44.95	45.96	48.51	46.91	43.92	49.31	50.69	36.62
1879	44.95	45.96	48.51	46.91	43.93	49.31	50.70	36.63
1880	44.95	45.96	48.51	46.91	43.93	49.32	50.70	36.64
1881	44.96	45.96	48.51	46.91	43.93	49.32	50.70	36.64
1882	44.96	45.97	48.52	46.92	43.93	49.33	50.70	36.64
1883	44.97	45.98	48.52	46.92	43.94	49.33	50.71	36.65
1884	44.97	45.98	48.52	46.93	43.95	49.34	50.71	36.65
1885	44.97	45.98	48.53	46.93	43.94	49.34	50.71	36.66
1886	44.98	45.99	48.53	46.93	43.95	49.34	50.72	36.66
1887	44.98	45.99	48.53	46.94	43.95	49.34	50.72	36.66
1888	44.99	45.99	48.53	46.94	43.96	49.34	50.72	36.67
1889	44.99	45.99	48.54	46.95	43.96	49.35	50.73	36.67
1890	44.99	45.99	48.54	46.95	43.97	49.35	50.73	36.67
1891	45.00	46.00	48.55	46.95	43.97	49.36	50.73	36.68
1892	45.00	46.00	48.55	46.95	43.97	49.36	50.74	36.68
